1 -11
2 -10.96
3 -10.92
4 -10.88
5 -10.84
6 -10.8
7 -10.76
8 -10.72
9 -10.68
10 -10.64
11 -10.6
12 -10.56
13 -10.52
14 -10.48
15 -10.44
16 -10.4
17 -10.36
18 -10.32
19 -10.28
20 -10.24
21 -10.2
22 -10.16
23 -10.12
24 -10.08
25 -10.04
26 -10
27 -9.96
28 -9.92
29 -9.88
30 -9.84
31 -9.8
32 -9.76
33 -9.72
34 -9.68
35 -9.64
36 -9.6
37 -9.56
38 -9.52
39 -9.48
40 -9.44
41 -9.4
42 -9.36
43 -9.32
44 -9.28
45 -9.24
46 -9.2
47 -9.16
48 -9.12
49 -9.08
50 -9.04
51 -9
52 -8.96
53 -8.92
54 -8.88
55 -8.84
56 -8.8
57 -8.76
58 -8.72
59 -8.68
60 -8.64
61 -8.6
62 -8.56
63 -8.52
64 -8.48
65 -8.44
66 -8.4
67 -8.36
68 -8.32
69 -8.28
70 -8.24
71 -8.2
72 -8.16
73 -8.12
74 -8.08
75 -8.04
76 -8
77 -7.96
78 -7.92
79 -7.88
80 -7.84
81 -7.8
82 -7.76
83 -7.72
84 -7.68
85 -7.64
86 -7.6
87 -7.56
88 -7.52
89 -7.48
90 -7.44
91 -7.4
92 -7.36
93 -7.32
94 -7.28
95 -7.24
96 -7.2
97 -7.16
98 -7.12
99 -7.08
100 -7.04
101 -7
102 -6.96
103 -6.92
104 -6.88
105 -6.84
106 -6.8
107 -6.76
108 -6.72
109 -6.68
110 -6.64
111 -6.6
112 -6.56
113 -6.52
114 -6.48
115 -6.44
116 -6.4
117 -6.36
118 -6.32
119 -6.28
120 -6.24
121 -6.2
122 -6.16
123 -6.12
124 -6.08
125 -6.04
126 -6
127 -5.96
128 -5.92
129 -5.88
130 -5.84
131 -5.8
132 -5.76
133 -5.72
134 -5.68
135 -5.64
136 -5.6
137 -5.56
138 -5.52
139 -5.48
140 -5.44
141 -5.4
142 -5.36
143 -5.32
144 -5.28
145 -5.24
146 -5.2
147 -5.16
148 -5.12
149 -5.08
150 -5.04
151 -5
152 -4.96
153 -4.92
154 -4.88
155 -4.84
156 -4.8
157 -4.76
158 -4.72
159 -4.68
160 -4.64
161 -4.6
162 -4.56
163 -4.52
164 -4.48
165 -4.44
166 -4.4
167 -4.36
168 -4.32
169 -4.28
170 -4.24
171 -4.2
172 -4.16
173 -4.12
174 -4.08
175 -4.04
176 -4
177 -3.96
178 -3.92
179 -3.88
180 -3.84
181 -3.8
182 -3.76
183 -3.72
184 -3.68
185 -3.64
186 -3.6
187 -3.56
188 -3.52
189 -3.48
190 -3.44
191 -3.4
192 -3.36
193 -3.32
194 -3.28
195 -3.24
196 -3.2
197 -3.16
198 -3.12
199 -3.08
200 -3.04
201 -3
202 -2.96
203 -2.92
204 -2.88
205 -2.84
206 -2.8
207 -2.76
208 -2.72
209 -2.68
210 -2.64
211 -2.6
212 -2.56
213 -2.52
214 -2.48
215 -2.44
216 -2.4
217 -2.36
218 -2.32
219 -2.28
220 -2.24
221 -2.2
222 -2.16
223 -2.12
224 -2.08
225 -2.04
226 -2
227 -1.96
228 -1.92
229 -1.88
230 -1.84
231 -1.8
232 -1.76
233 -1.72
234 -1.68
235 -1.64
236 -1.6
237 -1.56
238 -1.52
239 -1.48
240 -1.44
241 -1.4
242 -1.36
243 -1.32
244 -1.28
245 -1.24
246 -1.2
247 -1.16
248 -1.12
249 -1.08
250 -1.04
251 -1
252 -0.960000000000001
253 -0.92
254 -0.880000000000001
255 -0.84
256 -0.800000000000001
257 -0.76
258 -0.720000000000001
259 -0.68
260 -0.640000000000001
261 -0.6
262 -0.56
263 -0.52
264 -0.48
265 -0.44
266 -0.4
267 -0.359999999999999
268 -0.32
269 -0.279999999999999
270 -0.24
271 -0.199999999999999
272 -0.16
273 -0.119999999999999
274 -0.0800000000000001
275 -0.0399999999999991
276 0
277 0.0399999999999991
278 0.0800000000000001
279 0.119999999999999
280 0.16
281 0.199999999999999
282 0.24
283 0.279999999999999
284 0.32
285 0.359999999999999
286 0.4
287 0.44
288 0.48
289 0.52
290 0.56
291 0.6
292 0.640000000000001
293 0.68
294 0.720000000000001
295 0.76
296 0.800000000000001
297 0.84
298 0.880000000000001
299 0.92
300 0.960000000000001
301 1
302 1.04
303 1.08
304 1.12
305 1.16
306 1.2
307 1.24
308 1.28
309 1.32
310 1.36
311 1.4
312 1.44
313 1.48
314 1.52
315 1.56
316 1.6
317 1.64
318 1.68
319 1.72
320 1.76
321 1.8
322 1.84
323 1.88
324 1.92
325 1.96
326 2
327 2.04
328 2.08
329 2.12
330 2.16
331 2.2
332 2.24
333 2.28
334 2.32
335 2.36
336 2.4
337 2.44
338 2.48
339 2.52
340 2.56
341 2.6
342 2.64
343 2.68
344 2.72
345 2.76
346 2.8
347 2.84
348 2.88
349 2.92
350 2.96
351 3
352 3.04
353 3.08
354 3.12
355 3.16
356 3.2
357 3.24
358 3.28
359 3.32
360 3.36
361 3.4
362 3.44
363 3.48
364 3.52
365 3.56
366 3.6
367 3.64
368 3.68
369 3.72
370 3.76
371 3.8
372 3.84
373 3.88
374 3.92
375 3.96
376 4
377 4.04
378 4.08
379 4.12
380 4.16
381 4.2
382 4.24
383 4.28
384 4.32
385 4.36
386 4.4
387 4.44
388 4.48
389 4.52
390 4.56
391 4.6
392 4.64
393 4.68
394 4.72
395 4.76
396 4.8
397 4.84
398 4.88
399 4.92
400 4.96
401 5
402 5.04
403 5.08
404 5.12
405 5.16
406 5.2
407 5.24
408 5.28
409 5.32
410 5.36
411 5.4
412 5.44
413 5.48
414 5.52
415 5.56
416 5.6
417 5.64
418 5.68
419 5.72
420 5.76
421 5.8
422 5.84
423 5.88
424 5.92
425 5.96
426 6
427 6.04
428 6.08
429 6.12
430 6.16
431 6.2
432 6.24
433 6.28
434 6.32
435 6.36
436 6.4
437 6.44
438 6.48
439 6.52
440 6.56
441 6.6
442 6.64
443 6.68
444 6.72
445 6.76
446 6.8
447 6.84
448 6.88
449 6.92
450 6.96
451 7
452 7.04
453 7.08
454 7.12
455 7.16
456 7.2
457 7.24
458 7.28
459 7.32
460 7.36
461 7.4
462 7.44
463 7.48
464 7.52
465 7.56
466 7.6
467 7.64
468 7.68
469 7.72
470 7.76
471 7.8
472 7.84
473 7.88
474 7.92
475 7.96
476 8
477 8.04
478 8.08
479 8.12
480 8.16
481 8.2
482 8.24
483 8.28
484 8.32
485 8.36
486 8.4
487 8.44
488 8.48
489 8.52
490 8.56
491 8.6
492 8.64
493 8.68
494 8.72
495 8.76
496 8.8
497 8.84
498 8.88
499 8.92
500 8.96
501 9
502 9.04
503 9.08
504 9.12
505 9.16
506 9.2
507 9.24
508 9.28
509 9.32
510 9.36
511 9.4
512 9.44
513 9.48
514 9.52
515 9.56
516 9.6
517 9.64
518 9.68
519 9.72
520 9.76
521 9.8
522 9.84
523 9.88
524 9.92
525 9.96
526 10
527 10.04
528 10.08
529 10.12
530 10.16
531 10.2
532 10.24
533 10.28
534 10.32
535 10.36
536 10.4
537 10.44
538 10.48
539 10.52
540 10.56
541 10.6
542 10.64
543 10.68
544 10.72
545 10.76
546 10.8
547 10.84
548 10.88
549 10.92
550 10.96
551 11
