-1.73227 -1.64039 -4.81619 -4.63046 -1.64039 -2.18067
-2.13207 -0.507209 -6.15721 -5.86141 -0.507209 -2.84621
-2.5935 1.29559 -5.95648 -6.04575 1.29559 -2.37799
-2.60978 1.03741 -4.90813 -5.31596 1.03741 -1.62518
-2.46693 1.1604 -4.94485 -5.24092 1.1604 -1.75216
-2.47694 1.20546 -5.24351 -5.45918 1.20546 -1.95626
-2.628 1.54885 -5.03186 -5.41633 1.54885 -1.69979
-2.73264 1.58706 -4.85847 -5.36773 1.58706 -1.50319
-2.71988 1.60552 -3.96319 -4.72564 1.60552 -0.879152
-2.62914 1.61088 -3.8877 -4.6081 1.61088 -0.889939
-2.51654 0.491032 -3.22707 -4.06135 0.491032 -0.502422
-2.46025 0.983521 -1.91219 -3.09178 0.983521 0.387532
-2.47596 0.549474 -0.946759 -2.42023 0.549474 1.08131
-2.29243 -0.120944 -0.36483 -1.87896 -0.120944 1.36302
-1.946 -1.23421 -0.481827 -1.71673 -1.23421 1.03532
-1.8286 -1.12126 0.87764 -0.672427 -1.12126 1.9136
-1.74269 -1.06991 0.891159 -0.602126 -1.06991 1.86241
-0.89103 -3.53711 -2.55952 -2.43991 -3.53711 -1.1798
-0.803524 -3.25953 -2.5435 -2.3667 -3.25953 -1.23035
-0.797732 -3.00711 -1.47744 -1.60879 -3.00711 -0.480626
-0.571417 -3.488 -0.76568 -0.94547 -3.488 -0.137365
-0.0576639 -3.23094 1.8402 1.26045 -3.23094 1.342
0.916787 -1.42522 2.04943 2.09743 -1.42522 0.800899
-0.930995 -2.89372 2.95706 1.43264 -2.89372 2.74927
0.769565 -1.76438 0.679828 1.02488 -1.76438 -0.0634539
0.949008 -1.52489 -0.605862 0.242641 -1.52489 -1.09946
0.679333 -2.10259 -2.07495 -0.986852 -2.10259 -1.94757
0.548718 -1.96249 -2.00153 -1.02729 -1.96249 -1.8033
-1.12604 -2.59374 -0.410328 -1.08637 -2.59374 0.506084
-1.31193 -1.96562 -0.168596 -1.04689 -1.96562 0.808461
-1.25181 -2.06813 -0.134545 -0.9803 -2.06813 0.790025
-1.80388 -2.2457 -0.28612 -1.47785 -2.2457 1.07322
-1.44953 -1.83623 -1.44162 -2.04435 -1.83623 0.00558937
-1.90122 -1.49851 -1.99538 -2.75531 -1.49851 -0.0665837
-1.81682 -1.37921 -0.405569 -1.57147 -1.37921 0.997905
-1.97712 -1.42151 0.142376 -1.29736 -1.42151 1.49871
-1.69668 -1.31461 0.206754 -1.05354 -1.31461 1.34593
-0.702564 -3.62354 -0.403176 -0.781876 -3.62354 0.211699
-0.68505 -3.36076 -0.455872 -0.806754 -3.36076 0.162053
-0.799215 -2.7426 2.37595 1.11492 -2.7426 2.24518
-0.857031 -3.54223 2.38801 1.08256 -3.54223 2.29459
-0.60081 -2.96304 2.57413 1.39535 -2.96304 2.24502
-0.15154 -3.34434 -2.12023 -1.60638 -3.34434 -1.39207
-0.256598 -3.17163 -1.81035 -1.46155 -3.17163 -1.09867
1.01589 -0.912403 1.36392 1.68278 -0.912403 0.246094
1.34759 0.106702 1.9972 2.36512 0.106702 0.459344
1.45687 0.573687 -1.0234 0.306506 0.573687 -1.75382
1.45687 0.573687 -1.0234 0.306506 0.573687 -1.75382
-0.152475 -3.22616 -0.064069 -0.15312 -3.22616 0.0625128
0.706588 -2.08536 1.26303 1.39273 -2.08536 0.393464
0.603748 -1.71751 1.32654 1.36492 -1.71751 0.511091
1.66272 1.33534 1.74519 2.40975 1.33534 0.0583105
1.29647 -0.301873 -1.1534 0.101172 -0.301873 -1.73232
1.66135 1.67218 0.914601 1.82147 1.67218 -0.528029
1.49215 0.618759 -0.0364226 1.02935 0.618759 -1.08086
1.65694 1.40609 -0.201554 1.02911 1.40609 -1.31415
1.92982 2.68021 -0.670299 0.890614 2.68021 -1.83856
1.83665 2.41168 -1.61826 0.154424 2.41168 -2.44299
1.82308 1.98601 -0.0230634 1.2728 1.98601 -1.30542
1.32933 0.265119 -0.191935 0.804261 0.265119 -1.0757
1.71715 1.75198 -1.79654 -0.0561387 1.75198 -2.48456
-0.0132256 -2.95044 0.696598 0.483217 -2.95044 0.501921
0.174749 -2.97543 0.266163 0.311772 -2.97543 0.0646396
0.514403 -2.19714 -0.811997 -0.210431 -2.19714 -0.937906
0.913764 -1.28029 -0.334202 0.409812 -1.28029 -0.882445
1.25704 -0.393947 -1.37839 -0.0858082 -0.393947 -1.86353
1.56282 1.03056 -0.370802 0.842883 1.03056 -1.36728
1.24089 -0.273849 0.0552075 0.916477 -0.273849 -0.838402
1.2229 -0.119298 0.14926 0.970263 -0.119298 -0.759177
1.49772 0.880272 -0.787378 0.502286 0.880272 -1.61581
1.78498 1.74953 -1.43531 0.247254 1.74953 -2.27709
1.78498 1.74953 -1.43531 0.247254 1.74953 -2.27709
1.83896 2.09149 -2.41479 -0.407169 2.09149 -3.00785
1.48233 0.616369 0.684563 1.53222 0.616369 -0.564104
1.01364 -1.01328 -3.32823 -1.63666 -1.01328 -3.07016
0.613384 -2.07833 2.52549 2.21952 -2.07833 1.35206
1.25332 -0.00266007 0.829775 1.47297 -0.00266007 -0.29949
1.32943 -0.0681848 1.28419 1.84811 -0.0681848 -0.0319908
-1.73899 -1.67913 -1.37312 -2.20059 -1.67913 0.258714
-2.65258 1.38818 0.0771131 -1.82113 1.38818 1.93019
-2.22715 -0.241454 -2.01471 -2.99945 -0.241454 0.150219
-1.96078 -1.04546 2.52588 0.399588 -1.04546 3.17255
-1.78897 -1.63832 2.31027 0.368612 -1.63832 2.8986
-1.64951 -1.88932 -2.37961 -2.84901 -1.88932 -0.516257
-0.699264 -3.18821 -3.10125 -2.68737 -3.18821 -1.69846
0.411452 -2.07192 1.54377 1.38255 -2.07192 0.800673
0.205946 -2.36423 1.68951 1.34029 -2.36423 1.04904
1.63586 0.648806 -0.430459 0.852346 0.648806 -1.46111
1.9796 2.39033 -0.605428 0.971686 2.39033 -1.82789
1.79079 2.3593 -0.564655 0.867011 2.3593 -1.66555
2.077 3.08734 -0.732267 0.950871 3.08734 -1.98645
1.58738 1.14918 0.386899 1.39603 1.14918 -0.848869
1.39454 0.378635 0.0224427 1.00196 0.378635 -0.97022
1.24464 -0.0356384 -0.648013 0.421878 -0.0356384 -1.33831
0.19455 -2.78009 -0.863936 -0.473328 -2.78009 -0.748463
0.102086 -2.91076 -1.0225 -0.650833 -2.91076 -0.795204
-2.94115 2.57591 1.78286 -0.819039 2.57591 3.34038
-2.56456 1.17058 -1.9797 -3.21328 1.17058 0.413557
-2.87764 2.23913 -2.04159 -3.47842 2.23913 0.59118
-2.44622 0.664166 -1.54677 -2.82347 0.664166 0.636001
-2.53094 0.53318 -1.37292 -2.76044 0.53318 0.818843
-1.94882 -1.06018 0.691152 -0.889303 -1.06018 1.86674
-1.00238 -2.9303 -0.568772 -1.11097 -2.9303 0.306606
-1.57279 -2.08738 0.907164 -0.470668 -2.08738 1.75359
-1.91042 -1.21118 -0.55457 -1.74301 -1.21118 0.958729
-0.218322 -3.35389 1.02891 0.573172 -3.35389 0.881926
-2.13821 -0.250895 0.520143 -1.14415 -0.250895 1.87974
-2.23201 -0.322461 0.409065 -1.28902 -0.322461 1.86752
-2.68968 1.52552 0.684088 -1.41817 1.52552 2.38562
-0.343354 -3.24316 -0.412806 -0.534686 -3.24316 -0.0491098
1.92298 2.82461 -1.46315 0.325143 2.82461 -2.39436
1.92298 2.82461 -1.46315 0.325143 2.82461 -2.39436
1.75089 1.6821 0.520143 1.60587 1.6821 -0.870272
1.8658 2.57462 1.56165 2.42357 2.57462 -0.215072
1.9278 2.77305 1.64251 2.52459 2.77305 -0.20173
1.74462 1.69003 -0.307867 1.01594 1.69003 -1.45133
1.33902 0.679291 0.641879 1.4007 0.679291 -0.49295
0.800169 -1.50554 1.159 1.38534 -1.50554 0.253735
1.04884 -0.754463 3.30553 3.079 -0.754463 1.59572
1.32666 0.312049 3.30976 3.27845 0.312049 1.40226
0.0611597 -2.965 -0.972454 -0.644382 -2.965 -0.730875
0.592292 -2.51163 -2.38994 -1.27113 -2.51163 -2.10876
0.92873 -0.822403 -0.930682 -0.00138058 -0.822403 -1.3148
-1.65432 -2.24125 1.42743 -0.16043 -2.24125 2.17913
-1.90465 -1.4902 -0.242723 -1.51842 -1.4902 1.17516
-1.65585 -1.4248 -0.211722 -1.32058 -1.4248 1.02116
-1.81682 -1.44352 -0.134583 -1.37985 -1.44352 1.18952
-1.67141 -1.93057 -0.73364 -1.70063 -1.93057 0.663105
-2.59269 1.20252 0.0203915 -1.81889 1.20252 1.84773
-2.52641 0.721341 2.01074 -0.36463 0.721341 3.20825
-2.00603 -1.07715 -0.615633 -1.8538 -1.07715 0.983162
-2.06672 -0.560159 -3.09616 -3.65071 -0.560159 -0.727925
-2.06999 -0.56611 -3.10364 -3.65831 -0.56611 -0.730899
-1.15943 -2.5769 -0.710049 -1.32192 -2.5769 0.317759
-1.33713 -2.55914 3.13732 1.27293 -2.55914 3.16391
-0.972715 -2.72044 3.44882 1.75087 -2.72044 3.1265
-1.67928 -1.41881 3.27146 1.12584 -1.41881 3.5007
-2.20824 -0.192048 -0.0882352 -1.62385 -0.192048 1.49907
-1.61718 -1.71662 -2.61663 -2.99375 -1.71662 -0.706721
1.07918 -0.778756 1.33598 1.70777 -0.778756 0.181583
0.588027 -2.04068 -1.33654 -0.52928 -2.04068 -1.36088
1.31831 -0.380964 0.357619 1.18506 -0.380964 -0.679309
-0.394952 -3.00835 -3.30197 -2.61412 -3.00835 -2.05558
-0.384712 -2.87671 -3.20462 -2.53804 -2.87671 -1.99397
-0.428438 -2.85054 -3.63323 -2.87203 -2.85054 -2.26613
-0.131396 -3.14292 -3.70713 -2.71425 -3.14292 -2.52842
0.0953028 -2.89082 -1.88477 -1.26535 -2.89082 -1.40012
0.67563 -1.8537 -2.67164 -1.41139 -1.8537 -2.36687
0.346933 -2.3092 -1.97805 -1.15338 -2.3092 -1.64401
-1.63774 -2.15705 -1.65603 -2.32905 -2.15705 -0.0129387
-1.58599 -2.27549 -1.65013 -2.28828 -2.27549 -0.0453493
-1.75955 -1.74563 -0.531057 -1.6197 -1.74563 0.868673
-1.52764 -2.26414 0.112951 -1.00034 -2.26414 1.16008
-1.51905 -2.1788 0.226092 -0.914262 -2.1788 1.234
-1.18897 -2.82788 -0.409285 -1.13014 -2.82788 0.55132
-2.63679 1.45372 -0.466119 -2.19409 1.45372 1.5349
-2.50409 1.44803 -0.464727 -2.09927 1.44803 1.44205
-2.40321 0.905119 -0.244917 -1.87251 0.905119 1.52614
-2.61351 1.56566 0.346846 -1.60277 1.56566 2.09328
-2.81961 2.05109 0.496408 -1.64275 2.05109 2.34478
-2.7071 1.49866 0.602614 -1.4881 1.49866 2.34032
-3.05686 2.88509 -0.698704 -2.65559 2.88509 1.66747
-3.00272 3.30212 -0.53228 -2.49962 3.30212 1.74686
-3.07789 3.59516 -0.725265 -2.68923 3.59516 1.66355
-3.07789 3.59516 -0.725265 -2.68923 3.59516 1.66355
-3.11477 3.67871 -0.770189 -2.74708 3.67871 1.65787
-3.01366 2.85566 -0.889632 -2.76005 2.85566 1.50192
-2.80718 2.19028 -3.11681 -4.18889 2.19028 -0.218943
-3.06033 3.15618 -2.51669 -3.94355 3.15618 0.384411
-2.86141 2.58069 -2.44656 -3.75331 2.58069 0.293341
-2.904 2.84157 -2.42178 -3.76589 2.84157 0.34098
-2.904 2.84157 -2.42178 -3.76589 2.84157 0.34098
-2.60946 1.39841 1.23088 -0.974801 1.39841 2.71553
-2.44925 0.702111 0.292588 -1.52499 0.702111 1.93877
-2.31818 -0.0925781 -1.29771 -2.55683 -0.0925781 0.721581
-2.27797 -0.358774 -0.194817 -1.74853 -0.358774 1.47301
-2.19854 -0.463998 -0.123689 -1.64206 -0.463998 1.46714
-1.61595 -1.98903 -5.09969 -4.74868 -1.98903 -2.46338
-1.88986 -1.24439 0.815869 -0.759424 -1.24439 1.91324
0.801119 -1.63766 3.38794 2.96211 -1.63766 1.82916
1.46849 0.637686 -0.174992 0.91464 0.637686 -1.16212
1.25324 0.122018 -0.105515 0.811562 0.122018 -0.960783
1.12303 -0.324297 1.75025 2.03172 -0.324297 0.443517
1.09858 -0.324704 1.41549 1.77771 -0.324704 0.224091
0.427311 -2.05789 -0.171683 0.180757 -2.05789 -0.423553
-1.11495 -3.11584 1.19138 0.0540469 -3.11584 1.63082
-1.09075 -2.97531 0.439223 -0.460701 -2.97531 1.08186
-2.43931 0.749838 -0.874901 -2.3435 0.749838 1.1062
-0.737698 -3.1644 2.45545 1.21463 -3.1644 2.25789
0.556282 -2.22054 1.86483 1.71199 -2.22054 0.925285
0.949848 -1.15475 0.364949 0.929702 -1.15475 -0.413586
1.16782 -0.435932 -1.51526 -0.24568 -0.435932 -1.89722
-1.82184 -1.52196 2.39902 0.408129 -1.52196 2.98459
-1.67649 -1.43081 2.42408 0.528624 -1.43081 2.89954
0.412928 -2.38537 3.64852 2.87188 -2.38537 2.28791
0.0747233 -3.14033 3.5902 2.59149 -3.14033 2.48582
-1.44501 -3.05102 1.0503 -0.279099 -3.05102 1.76445
-0.85862 -2.42958 1.61499 0.534834 -2.42958 1.74911
0.472311 -2.27871 3.3403 2.69593 -2.27871 2.02798
1.65272 1.17661 -0.00328527 1.16633 1.17661 -1.17098
1.65238 1.37672 0.106379 1.24363 1.37672 -1.09319
2.03174 3.23561 0.85727 2.04284 3.23561 -0.830473
1.88384 2.66231 -0.298298 1.12115 2.66231 -1.54301
0.646693 -1.60863 2.59202 2.29012 -1.60863 1.37555
0.929983 -1.93626 2.62732 2.51539 -1.93626 1.2002
0.632574 -1.7167 2.92271 2.51397 -1.7167 1.61937
0.288924 -2.88604 -1.16924 -0.622478 -2.88604 -1.03108
-2.29877 -0.507818 -3.93329 -4.40673 -0.507818 -1.15578
-2.28985 -0.232597 -3.8608 -4.34917 -0.232597 -1.11083
-0.00692943 -2.55317 3.78315 2.67019 -2.55317 2.67999
-0.124259 -3.47121 3.86209 2.64305 -3.47121 2.81877
-0.718954 -2.82484 -2.03797 -1.94944 -2.82484 -0.932683
-1.09289 -2.98024 -2.48284 -2.52843 -2.98024 -0.982841
1.19792 -0.828356 0.967215 1.53098 -0.828356 -0.163135
1.07847 -0.789478 0.916097 1.41037 -0.789478 -0.114814
0.818922 -1.62501 4.15016 3.51367 -1.62501 2.35554
-0.316652 -2.96872 1.33859 0.722617 -2.96872 1.17043
0.817062 -2.04351 0.123655 0.665187 -2.04351 -0.490313
0.683778 -1.98782 0.232291 0.647759 -1.98782 -0.31925
0.462367 -2.16487 0.423022 0.626065 -2.16487 -0.0278209
0.615766 -1.98517 0.620085 0.873879 -1.98517 0.0030539
1.42386 0.724619 2.85528 3.02581 0.724619 1.01217
1.42386 0.724619 2.85528 3.02581 0.724619 1.01217
0.70814 -1.76471 0.382899 0.771481 -1.76471 -0.22998
0.709329 -1.77706 1.63571 1.65819 -1.77706 0.655047
-0.336395 -3.12227 -0.44657 -0.55364 -3.12227 -0.0779056
-1.00113 -2.97203 3.11506 1.49477 -2.97203 2.91058
-0.865244 -3.12641 3.58012 1.91971 -3.12641 3.14335
-0.880984 -3.00167 3.68675 1.98398 -3.00167 3.22988
-0.0327265 -3.47484 3.27397 2.29191 -3.47484 2.33819
-0.907177 -3.58153 0.406163 -0.354271 -3.58153 0.928672
2.01102 3.53784 1.10095 2.2005 3.53784 -0.643518
1.66178 1.42417 -2.07363 -0.291219 1.42417 -2.64133
1.66178 1.42417 -2.07363 -0.291219 1.42417 -2.64133
1.83367 1.67894 -3.43686 -1.13362 1.67894 -3.72683
1.55965 0.850663 -4.36835 -1.98605 0.850663 -4.19173
1.33276 0.203163 3.12082 3.14915 0.203163 1.26435
0.930663 -0.93264 -3.09943 -1.53355 -0.93264 -2.8497
0.744344 -1.92436 -3.44924 -1.91265 -1.92436 -2.96531
0.556467 -2.12827 -3.95462 -2.40286 -2.12827 -3.18982
-2.72282 1.69147 1.87487 -0.599592 1.69147 3.25106
-1.65748 -1.83996 0.997789 -0.46647 -1.83996 1.87756
-2.48701 0.850072 0.685249 -1.27404 0.850072 2.24313
-2.34113 0.884037 2.69721 0.251785 0.884037 3.56265
-2.3018 -0.0811586 3.23859 0.662412 -0.0811586 3.91765
-2.67846 1.53368 -3.5717 -4.41953 1.53368 -0.63162
-2.58126 1.22026 -0.339717 -2.06544 1.22026 1.58501
-2.23689 -0.304391 -1.46506 -2.61768 -0.304391 0.545764
-2.96639 2.47706 2.32827 -0.451225 2.47706 3.74389
-2.38565 0.189677 -0.217816 -1.84093 0.189677 1.53289
-2.11263 -0.573104 1.32112 -0.559677 -0.573104 2.42803
-2.33738 0.434594 -2.17602 -3.19145 0.434594 0.114098
-2.50867 0.503103 -2.91706 -3.83657 0.503103 -0.288778
-1.75433 -1.88609 2.99382 0.87645 -1.88609 3.35745
-0.926563 -3.13475 -0.368265 -0.915582 -3.13475 0.394776
-1.11267 -3.17453 -0.413053 -1.07885 -3.17453 0.494703
0.148348 -2.8866 -0.0728043 0.0534174 -2.8866 -0.156378
-0.187503 -2.71613 -0.299713 -0.344514 -2.71613 -0.0793445
-0.441799 -3.67538 -0.0722514 -0.363488 -3.67538 0.261309
0.470401 -2.34902 -0.211872 0.182808 -2.34902 -0.48244
-1.74525 -2.05531 -1.16347 -2.05678 -2.05531 0.411378
-1.45804 -1.98088 -0.842507 -1.62673 -1.98088 0.435247
-2.21733 0.0555171 -1.72077 -2.78465 0.0555171 0.351122
-2.02789 -0.940069 2.90324 0.618963 -0.940069 3.48684
-1.87399 -1.01656 2.36464 0.346944 -1.01656 2.99717
-2.1771 -0.0919077 0.856515 -0.933796 -0.0919077 2.14509
-1.56252 -1.81072 -1.03378 -1.83586 -1.81072 0.373876
-0.333844 -3.19095 0.195185 -0.0980465 -3.19095 0.37408
-0.289456 -3.14803 3.34894 2.16338 -3.14803 2.57274
-0.746546 -3.15765 4.8901 2.92993 -3.15765 3.98571
-1.64397 -1.62028 -1.02209 -1.88519 -1.62028 0.439732
1.42268 0.306837 0.39597 1.28598 0.306837 -0.725996
1.22608 -0.16092 -0.500019 0.513405 -0.16092 -1.22054
1.50009 0.632676 0.0942672 1.12738 0.632676 -0.994063
0.812045 -1.43095 1.51651 1.64653 -1.43095 0.498129
1.36408 0.218832 -1.01849 0.244374 0.218832 -1.68473
1.23198 -0.243031 -0.88614 0.244547 -0.243031 -1.49774
1.13786 -0.487654 -0.617082 0.368244 -0.487654 -1.24093
1.66595 1.25741 -0.460559 0.852341 1.25741 -1.50367
1.40658 0.726791 -3.06151 -1.17021 0.726791 -3.15942
1.48209 0.774613 -3.21898 -1.22817 0.774613 -3.32416
-1.30938 -2.2374 1.12648 -0.129332 -2.2374 1.72241
-2.43291 0.641908 1.45936 -0.688405 0.641908 2.75225
-2.44433 0.6631 -1.62791 -2.87951 0.6631 0.5773
-2.38434 0.265905 -1.00579 -2.39718 0.265905 0.974783
-2.62759 0.835503 -1.8709 -3.18091 0.835503 0.535063
-2.35565 0.524183 -1.07105 -2.42304 0.524183 0.90835
-2.51536 0.492972 -1.19845 -2.62606 0.492972 0.931196
-2.23047 -0.0961796 2.36472 0.0949316 -0.0961796 3.24929
-2.73852 1.62296 4.59624 1.3136 1.62296 5.18646
-2.71705 1.32177 4.52554 1.27879 1.32177 5.12128
-2.44995 0.515679 4.25432 1.27588 0.515679 4.74063
-2.10444 -0.629952 3.19806 0.773307 -0.629952 3.74943
-2.39236 -0.0707062 1.19058 -0.849792 -0.0707062 2.53352
-1.8458 -1.59073 -1.63686 -2.46262 -1.59073 0.147744
-1.83926 -1.62036 -1.40352 -2.29299 -1.62036 0.308114
1.48557 0.51217 2.46323 2.79222 0.51217 0.691305
1.51737 0.466069 2.4734 2.8219 0.466069 0.676017
1.51737 0.466069 2.4734 2.8219 0.466069 0.676017
1.16139 -0.137698 -0.125578 0.732426 -0.137698 -0.91002
1.24121 0.272746 -2.97839 -1.22837 0.272746 -2.98371
0.53275 -2.50738 3.44777 2.81465 -2.50738 2.06123
0.53072 -2.3531 2.17035 1.90994 -2.3531 1.15939
-1.64015 -2.2778 -0.97027 -1.84584 -2.2778 0.473674
0.631055 -1.85914 -3.53595 -2.05407 -1.85914 -2.94652
1.15894 -0.472236 2.8196 2.81325 -0.472236 1.17427
1.55667 1.12764 0.541062 1.48332 1.12764 -0.718146
0.176016 -2.91947 -0.619892 -0.313868 -2.91947 -0.562792
-1.25289 -2.88265 0.106858 -0.810364 -2.88265 0.961484
-1.3538 -2.69058 -0.901639 -1.59484 -2.69058 0.319727
-0.838403 -3.14092 1.22172 0.271043 -3.14092 1.45672
-0.353575 -3.56361 -5.01524 -3.79633 -3.56361 -3.2963
-0.311192 -2.94766 -4.3736 -3.31265 -2.94766 -2.87256
0.777158 -1.56568 -0.31857 0.32427 -1.56568 -0.774797
1.36409 0.329098 0.338456 1.20388 0.329098 -0.725234
1.22611 -0.262459 0.749202 1.39675 -0.262459 -0.337223
-0.0330671 -2.89354 1.89373 1.31569 -2.89354 1.36245
1.51367 0.503974 -0.672718 0.594645 0.503974 -1.54601
1.3769 0.646793 -0.754278 0.44026 0.646793 -1.50697
0.127624 -2.66412 1.34881 1.044 -2.66412 0.863511
1.07356 -0.392452 0.349003 1.00591 -0.392452 -0.512342
1.25068 -0.613704 0.196167 1.02307 -0.613704 -0.745652
0.881252 -1.81383 -0.0833469 0.564204 -1.81383 -0.682074
-0.263932 -2.87783 0.936538 0.475604 -2.87783 0.848861
-0.326163 -3.07934 0.863181 0.379729 -3.07934 0.840993
-1.63656 -1.72854 0.819931 -0.577441 -1.72854 1.737
-2.00867 -1.23242 0.685494 -0.935629 -1.23242 1.90506
-1.92768 -1.08519 0.781284 -0.810626 -1.08519 1.91553
-2.06407 -1.09804 0.734796 -0.939942 -1.09804 1.9791
-1.84417 -1.24767 -0.812504 -1.87855 -1.24767 0.729496
-2.12772 -0.829523 -2.63216 -3.36575 -0.829523 -0.35669
-2.02263 -0.952137 -6.01238 -5.6816 -0.952137 -2.82118
-1.91257 -1.30746 2.48638 0.405744 -1.30746 3.11053
-2.65252 1.40151 -2.4628 -3.61708 1.40151 0.134157
-2.55973 1.09299 -1.95013 -3.18895 1.09299 0.431049
-2.16006 -0.384954 -0.426357 -1.82888 -0.384954 1.22592
-2.22709 -0.198808 3.59882 0.969962 -0.198808 4.11954
-2.10386 -0.477182 2.83874 0.519638 -0.477182 3.49494
-2.51173 1.04374 2.55638 0.0315726 1.04374 3.58369
-2.70395 1.74064 1.08595 -1.1441 1.74064 2.67986
-2.04481 -0.766365 -1.87718 -2.77326 -0.766365 0.118537
-2.11804 -0.820449 -1.79461 -2.76666 -0.820449 0.228701
-2.76909 1.65735 -0.831635 -2.54609 1.65735 1.36998
-2.77954 1.75358 -0.876099 -2.58493 1.75358 1.34594
-2.56151 1.04381 -1.66952 -2.99179 1.04381 0.630733
-2.63439 1.21947 -1.27078 -2.76137 1.21947 0.964214
-2.5012 0.712553 1.26429 -0.874625 0.712553 2.6626
-2.4388 0.218603 0.708518 -1.22349 0.218603 2.22549
-2.38964 -0.209654 0.764766 -1.14896 -0.209654 2.2305
-2.32154 -0.454482 0.0263171 -1.62297 -0.454482 1.66018
-2.17377 -1.06362 0.309602 -1.31817 -1.06362 1.75601
-2.45444 0.741237 -1.33699 -2.68094 0.741237 0.790151
-1.59642 -2.25045 0.270074 -0.937872 -2.25045 1.31981
-1.41409 -2.19942 -0.00277032 -1.00187 -2.19942 0.997951
-1.13284 -2.96993 1.6612 0.373603 -2.96993 1.97568
-0.9956 -2.99189 2.57223 1.11485 -2.99189 2.52284
-1.06269 -3.0164 0.130861 -0.658904 -3.0164 0.843968
-2.40977 0.118886 -1.10074 -2.4823 0.118886 0.925625
-2.58613 1.05783 -3.15637 -4.06056 1.05783 -0.403217
-2.66401 1.19623 -2.7132 -3.80226 1.19623 -0.0347781
-2.36411 0.347784 -1.99536 -3.08261 0.347784 0.260747
-1.98637 -0.900289 0.793461 -0.843515 -0.900289 1.96564
0.605043 -1.96477 0.716819 0.934697 -1.96477 0.0790372
-2.39108 0.179065 -2.27816 -3.30164 0.179065 0.0798469
0.996641 -1.24649 0.270311 0.89587 -1.24649 -0.513593
0.222381 -2.88601 -3.07767 -2.01899 -2.88601 -2.33349
0.21652 -2.73142 -3.01875 -1.98148 -2.73142 -2.28768
1.48744 0.876429 1.6238 2.19998 0.876429 0.0964219
1.6703 1.28503 0.405608 1.46789 1.28503 -0.894274
1.647 1.7506 0.626561 1.60765 1.7506 -0.72156
1.58638 1.42614 0.47916 1.46056 1.42614 -0.782924
1.75339 1.84775 0.734933 1.75951 1.84775 -0.720161
1.83069 2.38814 1.01728 2.01382 2.38814 -0.575165
1.39341 0.149635 1.50586 2.05009 0.149635 0.0795093
1.04405 -0.892594 -1.27775 -0.165252 -0.892594 -1.64177
0.942292 -1.17225 -1.41675 -0.335495 -1.17225 -1.6681
1.68873 1.5919 0.45996 1.51935 1.5919 -0.868872
1.74246 1.87432 1.73239 2.45709 1.87432 -0.0071229
0.445119 -2.2781 -1.40186 -0.676518 -2.2781 -1.30601
0.620759 -2.01283 -1.22562 -0.427702 -2.01283 -1.30559
1.36881 0.530814 2.88734 3.00955 0.530814 1.07377
1.51874 0.509071 2.88149 3.11143 0.509071 0.963609
1.22694 0.0790094 5.37832 4.67062 0.0790094 2.93547
1.46801 -0.0340328 5.02603 4.59198 -0.0340328 2.5159
1.27444 0.129881 5.06773 4.48459 0.129881 2.68227
1.31824 0.11351 5.05217 4.50457 0.11351 2.64029
1.42673 0.544262 4.13353 3.9317 0.544262 1.914
1.43332 0.52093 4.12157 3.9279 0.52093 1.90088
1.14776 -0.568496 2.47012 2.55823 -0.568496 0.935048
1.49144 0.370461 -1.44749 0.0310779 0.370461 -2.07813
0.360762 -2.5814 0.991197 0.95598 -2.5814 0.445785
0.390873 -2.66891 1.07268 1.03489 -2.66891 0.482112
0.821216 -1.25566 0.102715 0.653318 -1.25566 -0.508057
-1.10623 -2.58502 -0.571037 -1.18601 -2.58502 0.378436
-1.2383 -2.56349 -0.654577 -1.33847 -2.56349 0.412754
-1.5674 -2.33287 0.846543 -0.50972 -2.33287 1.70691
-1.57463 -1.8923 -1.21435 -1.97211 -1.8923 0.254757
-1.23371 -2.40068 1.51657 0.200016 -2.40068 1.94474
-1.2469 -2.35942 1.472 0.159173 -2.35942 1.92256
-2.17661 0.0763792 -0.0408541 -1.56798 0.0763792 1.51021
-2.26205 0.0306762 0.0145761 -1.58921 0.0306762 1.60982
-0.855544 -3.44783 -0.799896 -1.17057 -3.44783 0.039349
0.826127 -1.97844 1.3903 1.56725 -1.97844 0.398927
1.19595 -0.654713 -0.363806 0.588411 -0.654713 -1.10291
1.07184 -1.06222 -0.573028 0.352712 -1.06222 -1.1631
0.373489 -2.5948 1.53745 1.35124 -2.5948 0.823042
1.36411 0.740423 -2.02939 -0.470419 0.740423 -2.39957
-2.40923 0.26176 0.413476 -1.41121 0.26176 1.99596
-2.58139 1.05307 -1.40276 -2.81722 1.05307 0.833416
-1.48039 -2.4791 1.28455 -0.13848 -2.4791 1.95511
-2.29208 -0.0794291 0.804252 -1.05206 -0.0794291 2.18944
-2.10136 -0.420376 -3.2704 -3.79841 -0.420376 -0.826636
-2.28162 -0.359887 -3.31107 -3.95463 -0.359887 -0.727937
-0.497737 -3.29804 -1.32156 -1.28644 -3.29804 -0.582529
-1.88899 -1.10469 -0.369791 -1.5972 -1.10469 1.07423
-1.84614 -1.19791 -0.34986 -1.55281 -1.19791 1.05803
-2.07912 -1.16023 -0.313519 -1.69185 -1.16023 1.24847
-1.63879 -2.04854 -0.148555 -1.26384 -2.04854 1.05376
-1.09417 -2.55037 -1.33613 -1.71848 -2.55037 -0.171091
0.645859 -2.42093 -0.670171 -0.0171917 -2.42093 -0.930574
-0.053229 -3.07595 -2.03392 -1.47584 -3.07595 -1.40056
-0.932022 -3.07823 2.28356 0.955679 -3.07823 2.27376
-1.63593 -1.98716 0.0802999 -1.1 -1.98716 1.21356
1.14846 -0.577142 -3.05783 -1.35013 -0.577142 -2.9743
1.21521 -0.824491 -2.78046 -1.1068 -0.824491 -2.82536
0.91692 -1.36572 -1.90911 -0.701581 -1.36572 -1.9983
-1.24849 -2.58055 1.35129 0.0726909 -2.58055 1.83832
-1.41771 -2.62085 1.9488 0.375536 -2.62085 2.38048
-2.57123 0.884543 -2.36592 -3.49109 0.884543 0.145182
-2.629 1.21823 -2.38403 -3.54475 1.21823 0.173225
-2.53307 0.992163 -2.40677 -3.49299 0.992163 0.0893101
1.25817 -0.384001 2.81455 2.87985 -0.384001 1.10053
-1.90963 -1.46958 -1.81932 -2.63677 -1.46958 0.0638612
-1.25102 -2.46553 -1.14658 -1.69536 -2.46553 0.0738544
-2.55019 0.962516 -0.0540408 -1.84147 0.962516 1.76505
-2.47815 1.19935 -0.325559 -1.98252 1.19935 1.52211
-2.55777 1.1884 -0.321226 -2.03576 1.1884 1.58147
-1.94417 -0.846418 0.0691808 -1.32582 -0.846418 1.42365
-1.94049 -0.844939 0.385344 -1.09965 -0.844939 1.64461
-1.91816 -1.50783 -0.0825007 -1.41468 -1.50783 1.29801
-1.46033 -2.26636 0.680015 -0.551768 -2.26636 1.51346
-1.61228 -2.36906 0.743366 -0.614418 -2.36906 1.6657
-1.74964 -2.00433 -0.24757 -1.41224 -2.00433 1.06213
-1.53752 -1.93128 -0.202135 -1.23012 -1.93128 0.944258
-2.15915 -0.82886 2.13326 -0.0183073 -0.82886 3.0352
-1.90194 -1.42228 -2.5624 -3.15677 -1.42228 -0.467017
-2.34212 -0.1321 -1.93973 -3.02772 -0.1321 0.284538
-2.17226 -0.46787 2.0533 -0.0841159 -0.46787 2.98792
-1.9038 -1.32046 2.42754 0.370343 -1.32046 3.06272
-1.96877 -1.2894 2.38616 0.29514 -1.2894 3.07941
-1.86641 -1.27774 2.35415 0.344884 -1.27774 2.98438
-0.581064 -3.033 4.24222 2.58883 -3.033 3.41058
-1.13455 -2.71049 2.67217 1.08726 -2.71049 2.69176
-1.7911 -1.35692 -5.57136 -5.20605 -1.35692 -2.67305
-2.46165 0.673028 -4.74944 -5.09901 0.673028 -1.61771
-2.76617 1.86828 -5.52642 -5.86375 1.86828 -1.95179
-2.64427 1.31672 -5.26651 -5.59376 1.31672 -1.8542
-2.64427 1.31672 -5.26651 -5.59376 1.31672 -1.8542
-2.38913 0.346955 -4.91972 -5.16814 0.346955 -1.7894
-2.6956 1.52033 1.7961 -0.636047 1.52033 3.17611
-2.5733 1.10256 1.0369 -1.0864 1.10256 2.55279
-2.4349 0.334743 0.949972 -1.05 0.334743 2.39347
-2.63775 1.29549 0.541191 -1.48249 1.29549 2.24785
-2.56733 1.18026 0.429949 -1.51136 1.18026 2.1194
-1.19212 -2.65721 0.28145 -0.643944 -2.65721 1.04197
-1.04824 -2.52636 0.245477 -0.567636 -2.52636 0.914793
-0.224092 -3.49645 -1.90104 -1.50269 -3.49645 -1.18578
-1.69406 -1.25193 -1.8505 -2.50638 -1.25193 -0.110617
-1.83901 -1.577 -1.6833 -2.49065 -1.577 0.110104
-1.94843 -1.29096 -1.72291 -2.59603 -1.29096 0.15947
-0.33669 -3.36171 -0.907857 -0.880028 -3.36171 -0.403876
-0.716183 -2.9713 -1.48225 -1.55452 -2.9713 -0.541688
-1.2373 -2.92894 1.83981 0.426036 -2.92894 2.17585
-2.25777 -0.1746 -1.5362 -2.68274 -0.1746 0.510227
-2.24577 -0.194335 1.63518 -0.431747 -0.194335 2.74425
-2.52839 1.02881 -1.20676 -2.64115 1.02881 0.934533
-1.07818 -2.68176 3.32457 1.58844 -2.68176 3.11322
-1.95042 -1.24731 1.31406 -0.449976 -1.24731 2.30833
-1.73106 -1.82177 -1.04774 -1.96491 -1.82177 0.48318
-2.30886 -0.366874 0.145116 -1.53 -0.366874 1.73522
-1.49506 -2.48548 -0.427433 -1.35941 -2.48548 0.754929
-0.918744 -2.85704 -2.37891 -2.3318 -2.85704 -1.0325
-2.30893 0.0941755 -3.10204 -3.82613 0.0941755 -0.560812
-1.82962 -1.41682 2.06774 0.168375 -1.41682 2.75585
-0.0114481 -3.15752 -2.65355 -1.88443 -3.15752 -1.86824
-0.0729839 -3.03325 -2.6368 -1.91611 -3.03325 -1.81289
0.268681 -3.11142 -2.85988 -1.83225 -3.11142 -2.21222
0.212251 -2.7257 -3.20007 -2.11271 -2.7257 -2.41288
0.827891 -1.68404 -3.30462 -1.75132 -1.68404 -2.92213
0.940484 -1.93092 -3.23052 -1.6193 -1.93092 -2.94934
0.516221 -2.73188 -2.10161 -1.12104 -2.73188 -1.85109
0.855468 -2.03794 2.16675 2.13703 -2.03794 0.927214
-0.0750135 -2.95869 1.81716 1.23189 -2.95869 1.33797
-0.0676675 -2.66949 1.94692 1.32883 -2.66949 1.42453
0.279334 -2.57036 1.58618 1.31912 -2.57036 0.92408
1.09442 -0.835653 1.58593 1.89529 -0.835653 0.34755
1.28931 0.173983 0.490019 1.25818 0.173983 -0.565187
1.94339 2.40102 1.11819 2.16486 2.40102 -0.583509
1.55731 1.20013 2.89634 3.14921 1.20013 0.946839
0.304474 -2.54841 3.48922 2.68255 -2.54841 2.25195
1.4955 0.453665 0.624179 1.49884 0.453665 -0.616118
1.47218 0.572459 -0.286462 0.838427 0.572459 -1.24355
1.50982 0.756782 -0.415834 0.773565 0.756782 -1.36164
1.56319 0.973747 1.18982 1.94667 0.973747 -0.264012
1.32177 0.167541 1.15103 1.74854 0.167541 -0.120732
1.17883 0.00246172 -0.874628 0.215103 0.00246172 -1.45201
0.980254 -1.16404 -2.42429 -1.02109 -1.16404 -2.40738
0.737984 -1.87992 0.422367 0.820492 -1.87992 -0.223175
0.87114 -2.01173 0.53164 0.991915 -2.01173 -0.240062
0.897206 -0.802387 -0.19687 0.495212 -0.802387 -0.773629
1.1119 -0.973956 -0.321854 0.558646 -0.973956 -1.01382
0.809331 -1.32921 -0.581798 0.16089 -1.32921 -0.983677
0.926397 -1.4271 -0.46486 0.326356 -1.4271 -0.983767
1.01676 -1.17711 1.26083 1.6105 -1.17711 0.172581
0.815809 -1.15259 1.95155 1.95682 -1.15259 0.80309
-0.312175 -3.08959 3.87766 2.52118 -3.08959 2.96266
-1.49016 -1.90019 -1.55865 -2.15583 -1.90019 -0.0484312
-0.909811 -2.95745 2.90168 1.40847 -2.95745 2.69513
-0.249738 -3.29407 1.77015 1.07509 -3.29407 1.42828
-0.278056 -3.25118 1.7923 1.07074 -3.25118 1.46397
-2.06815 -0.740342 1.51698 -0.389733 -0.740342 2.53507
-2.09789 -0.674979 2.02026 -0.0548946 -0.674979 2.91197
-2.2121 -0.57336 -2.19823 -3.11857 -0.57336 0.00980983
-2.03129 -0.607061 -1.98992 -2.84343 -0.607061 0.0292528
-1.89978 -0.888469 -0.723098 -1.85466 -0.888469 0.832042
0.00508397 -2.93452 0.528418 0.377243 -2.93452 0.370053
0.280077 -3.10183 1.06921 0.954092 -3.10183 0.558003
-0.321365 -2.78701 -0.24292 -0.39901 -2.78701 0.0554688
-0.234414 -3.11058 -0.258103 -0.348263 -3.11058 -0.0167509
1.16887 -0.202612 0.967133 1.51038 -0.202612 -0.14265
1.42819 0.213769 1.56063 2.11342 0.213769 0.0936551
1.61151 1.10199 2.21609 2.70652 1.10199 0.427504
0.504466 -2.31857 0.270491 0.547977 -2.31857 -0.165446
1.14228 -0.572487 -5.16374 -2.84361 -0.572487 -4.45903
1.39152 0.0744012 -4.60772 -2.2742 0.0744012 -4.2421
1.28578 -0.211825 -3.35642 -1.46417 -0.211825 -3.28253
1.39969 -0.306368 -3.36131 -1.38708 -0.306368 -3.36653
1.59921 0.916301 -2.0085 -0.289413 0.916301 -2.55103
1.28461 -0.103941 -2.4234 -0.805246 -0.103941 -2.62196
1.1576 -0.746085 -1.59072 -0.306257 -0.746085 -1.94336
0.376664 -2.29173 -0.212463 0.116108 -2.29173 -0.416576
1.31146 0.122905 -0.0288572 0.906936 0.122905 -0.947747
1.41672 0.319748 0.370121 1.26349 0.319748 -0.740055
1.0275 -0.711478 -2.21196 -0.837542 -0.711478 -2.29065
0.978705 -0.660951 -2.19404 -0.859371 -0.660951 -2.24347
1.09704 -0.688931 -2.33831 -0.877707 -0.688931 -2.42916
0.985549 -0.971891 -2.03802 -0.744212 -0.971891 -2.13799
0.919143 -0.920906 -2.04112 -0.793356 -0.920906 -2.09322
1.4068 -0.118112 -1.2567 0.106135 -0.118112 -1.88338
1.54835 0.437439 -1.01097 0.379986 0.437439 -1.80971
1.47262 0.441334 -1.02248 0.318301 0.441334 -1.7643
1.42623 0.418751 3.73398 3.64882 0.418751 1.63183
1.36932 0.308664 4.04575 3.82903 0.308664 1.89252
1.55143 1.03947 3.10966 3.29588 1.03947 1.10183
0.556397 -2.4126 3.15419 2.62378 -2.4126 1.83692
0.343742 -2.27234 3.01982 2.3784 -2.27234 1.89228
0.71814 -1.54491 2.67696 2.4007 -1.54491 1.38509
-0.681761 -2.95333 -1.4143 -1.48214 -2.95333 -0.517984
0.300095 -2.65531 -1.81992 -1.07468 -2.65531 -1.49908
1.39789 0.230283 1.94961 2.36704 0.230283 0.390125
1.56839 1.11536 1.72924 2.33177 1.11536 0.113735
1.6439 1.22156 0.344611 1.40609 1.22156 -0.918732
1.30642 -0.0435812 -2.5073 -0.849147 -0.0435812 -2.69671
1.58875 1.2306 -0.751679 0.591899 1.2306 -1.65493
1.70745 1.17114 -0.781393 0.654822 1.17114 -1.75988
1.94374 2.84332 -0.794585 0.812573 2.84332 -1.93629
2.0287 3.3235 -1.1094 0.650046 3.3235 -2.21897
2.34965 4.35257 -1.4196 0.657649 4.35257 -2.66526
2.3191 4.35769 -1.11379 0.852285 4.35769 -2.42742
2.3191 4.35769 -1.11379 0.852285 4.35769 -2.42742
2.17022 4.1795 -1.03661 0.801587 4.1795 -2.26757
2.2432 4.21723 -0.853994 0.982319 4.21723 -2.19005
2.25822 4.23118 -0.587795 1.18117 4.23118 -2.01243
1.83716 2.2742 0.960012 1.9779 2.2742 -0.62024
0.417114 -2.2483 -1.06315 -0.456816 -2.2483 -1.04671
0.96023 -1.26425 2.40853 2.38207 -1.26425 1.0241
0.955554 -1.27377 -2.33478 -0.975263 -1.27377 -2.32662
1.74386 1.60886 2.09557 2.71489 1.60886 0.248696
1.74386 1.60886 2.09557 2.71489 1.60886 0.248696
1.8418 1.78065 1.79717 2.57314 1.78065 -0.0315631
1.88059 2.03161 1.41478 2.33018 2.03161 -0.329371
1.44664 0.336927 -0.562698 0.625043 0.336927 -1.42082
0.988226 -1.14624 -0.075681 0.645267 -1.14624 -0.752296
1.26861 -0.262331 -0.618937 0.459386 -0.262331 -1.3347
-0.775847 -3.01665 -0.285885 -0.750758 -3.01665 0.346456
1.42224 0.522614 1.40037 1.99589 0.522614 -0.0154647
1.70331 1.6385 3.10626 3.40088 1.6385 0.992035
1.78238 2.10604 1.48744 2.31211 2.10604 -0.20855
1.74879 1.80293 -0.400146 0.953636 1.80293 -1.51953
1.49021 0.537319 -1.07801 0.291469 0.537319 -1.816
1.3208 0.0702903 0.0334947 0.957631 0.0702903 -0.910262
1.18706 -0.357705 0.23591 1.00619 -0.357705 -0.672565
1.0579 -0.523827 -0.556847 0.3543 -0.523827 -1.1418
1.1632 -0.122978 2.89654 2.87067 -0.122978 1.22566
1.58016 0.759379 -0.2606 0.933066 0.759379 -1.30161
1.58016 0.759379 -0.2606 0.933066 0.759379 -1.30161
1.58016 0.759379 -0.2606 0.933066 0.759379 -1.30161
1.51436 0.958883 -0.301901 0.85734 0.958883 -1.28429
-0.826584 -3.02136 0.772332 -0.0383621 -3.02136 1.1306
0.337847 -2.3691 -0.573696 -0.16677 -2.3691 -0.644558
0.736463 -1.6554 -1.25932 -0.369717 -1.6554 -1.41123
-1.41344 -2.38608 1.56925 0.110172 -2.38608 2.10908
-1.39513 -2.35866 1.98271 0.415482 -2.35866 2.3885
-1.05523 -2.80492 0.267766 -0.556819 -2.80492 0.935498
-2.04909 -0.718385 2.76647 0.507262 -0.718385 3.40512
-2.15549 -0.413625 -2.75582 -3.47282 -0.413625 -0.4245
-1.66963 -2.05167 -1.28134 -2.08665 -2.05167 0.274561
-1.51904 -2.2605 0.0713632 -1.02366 -2.2605 1.12458
-1.64373 -2.01451 0.287224 -0.959195 -2.01451 1.36539
-1.28532 -2.17672 0.937703 -0.245804 -2.17672 1.57192
-1.17819 -2.35567 0.874595 -0.214671 -2.35567 1.45153
1.14742 -0.314251 -0.351676 0.562672 -0.314251 -1.06002
1.3396 0.0518368 0.411068 1.23791 0.0518368 -0.656574
1.43932 0.633224 -3.2926 -1.31046 0.633224 -3.34598
1.23786 -0.0938439 -3.4597 -1.57108 -0.0938439 -3.32168
1.52771 0.943585 0.453446 1.40089 0.943585 -0.75962
1.47698 0.770104 -0.475724 0.707994 0.770104 -1.38077
0.169355 -2.86159 -1.31585 -0.810695 -2.86159 -1.0502
0.367543 -2.96393 -1.29035 -0.65252 -2.96393 -1.1723
0.220304 -2.2126 -1.68626 -1.03659 -2.2126 -1.34814
0.637663 -2.30822 -1.70832 -0.757071 -2.30822 -1.65886
0.682973 -1.46408 -0.874772 -0.135623 -1.46408 -1.10149
0.862719 -1.43975 -1.5422 -0.480463 -1.43975 -1.70053
1.33904 0.10245 1.29416 1.86196 0.10245 -0.0317388
1.21972 -0.199898 1.13579 1.6656 -0.199898 -0.0593522
0.866548 -1.44354 2.56655 2.42757 -1.44354 1.20208
0.830713 -1.31745 2.50032 2.35539 -1.31745 1.18059
0.90781 -1.49667 2.00407 2.05901 -1.49667 0.775171
0.410476 -3.15728 2.48174 2.04511 -3.15728 1.46461
-0.37024 -2.9282 1.94718 1.11507 -2.9282 1.63866
0.00252896 -3.22547 2.14465 1.51829 -3.22547 1.51471
-2.20037 -0.00317414 -0.333828 -1.79195 -0.00317414 1.31984
-2.59833 1.46499 0.259405 -1.65387 1.46499 2.02073
-2.6502 1.00979 0.067219 -1.82645 1.00979 1.92151
-0.935543 -2.8854 0.678448 -0.181793 -2.8854 1.14126
1.45108 0.723601 -2.37081 -0.65035 0.723601 -2.70248
1.41993 0.282664 -0.981354 0.310121 0.282664 -1.69796
1.28988 -0.380135 -0.356851 0.659749 -0.380135 -1.16441
1.81133 1.59178 0.171285 1.40192 1.59178 -1.15968
0.238825 -2.48095 -0.0911887 0.104395 -2.48095 -0.233355
0.478618 -1.87821 -0.138465 0.240525 -1.87821 -0.436343
0.987598 -1.50242 -2.96558 -1.39865 -1.50242 -2.79532
0.0384418 -2.93948 4.0406 2.88432 -2.93948 2.82995
-0.0813284 -2.80659 3.84184 2.65908 -2.80659 2.7741
-0.177119 -3.26965 3.23385 2.16144 -3.26965 2.41192
-0.0782714 -2.8024 0.00229101 -0.0537262 -2.8024 0.0569662
-0.341506 -2.92161 -1.08717 -1.01022 -2.92161 -0.527262
-0.184999 -3.16902 -1.10984 -0.915591 -3.16902 -0.653963
-1.63962 -2.08601 0.381599 -0.889558 -2.08601 1.42922
-0.906629 -3.19951 -0.322984 -0.869467 -3.19951 0.412699
0.861995 -1.75006 -0.912268 -0.0355482 -1.75006 -1.25459
0.375605 -2.2894 -0.347943 0.0195604 -2.2894 -0.511626
-1.60754 -2.27685 -2.13036 -2.6431 -2.27685 -0.369688
-1.37758 -2.6567 -3.21978 -3.25082 -2.6567 -1.30263
-1.27084 -2.40912 -2.70979 -2.81473 -2.40912 -1.01749
-0.850884 -3.05619 -3.08693 -2.78445 -3.05619 -1.58112
-1.41531 -2.31166 -1.27053 -1.89918 -2.31166 0.102379
-2.14123 -0.321344 0.147799 -1.40957 -0.321344 1.61859
-0.337295 -3.12452 -1.84495 -1.54308 -3.12452 -1.06607
0.227846 -2.77504 -2.05868 -1.29459 -2.77504 -1.61681
0.104821 -2.66357 -1.25936 -0.816384 -2.66357 -0.964623
-0.0113885 -2.96367 -1.78475 -1.27006 -2.96367 -1.25395
1.63821 1.3854 0.646616 1.61561 1.3854 -0.701161
0.510542 -2.26283 1.09067 1.13223 -2.26283 0.410216
0.464118 -2.49357 1.55603 1.42846 -2.49357 0.7721
-1.47629 -2.12194 -1.50396 -2.10735 -2.12194 -0.0195713
1.19528 -0.691941 1.37626 1.81835 -0.691941 0.127976
0.988242 -0.700194 1.12409 1.49364 -0.700194 0.0960559
-0.310105 -3.03911 -0.394633 -0.498325 -3.03911 -0.0597706
-0.0892721 -3.64757 -0.982137 -0.757601 -3.64757 -0.631351
0.905266 -0.711537 -2.31276 -0.995252 -0.711537 -2.27549
0.833356 -0.713558 -2.36523 -1.0832 -0.713558 -2.26174
0.972747 -0.766302 -2.23898 -0.895364 -0.766302 -2.27104
0.725613 -1.63869 -2.53199 -1.2773 -1.63869 -2.30347
1.23484 0.0382039 -0.412099 0.581765 0.0382039 -1.16456
0.895666 -0.502319 -0.724288 0.121183 -0.502319 -1.14548
1.08493 -0.895128 1.29029 1.67954 -0.895128 0.145208
0.106146 -2.73964 1.96943 1.46766 -2.73964 1.31754
-1.06829 -3.52515 2.5132 1.02171 -3.52515 2.5325
-0.489378 -3.18597 2.41289 1.36013 -3.18597 2.05221
-0.653647 -3.4657 -2.00394 -1.8792 -3.4657 -0.954802
-0.185559 -3.0924 -0.669166 -0.604382 -3.0924 -0.341962
0.0557715 -2.97864 -0.508294 -0.319982 -2.97864 -0.398855
0.885517 -1.28803 -0.87894 0.00465066 -1.28803 -1.24766
0.516058 -1.99217 -1.83926 -0.935646 -1.99217 -1.66546
-0.078156 -2.94961 0.113402 0.0249226 -2.94961 0.135452
-0.553148 -3.27967 0.384348 -0.11936 -3.27967 0.66291
1.59958 1.33414 -0.933169 0.471223 1.33414 -1.79092
1.44016 0.612747 -3.549 -1.49118 0.612747 -3.52787
0.230845 -2.85581 -2.44486 -1.56555 -2.85581 -1.89201
0.216806 -2.96659 -2.4219 -1.55924 -2.96659 -1.86585
1.02032 -1.29825 -0.952522 0.0479376 -1.29825 -1.39501
0.826123 -1.2955 -1.01126 -0.130909 -1.2955 -1.29922
0.957701 -1.04577 2.37282 2.35504 -1.04577 1.00064
-1.89182 -1.00142 -1.50956 -2.40514 -1.00142 0.270302
-2.97481 3.16089 -1.19909 -2.95139 3.16089 1.25563
-3.03358 2.7951 -1.56111 -3.24894 2.7951 1.0412
-2.79125 2.29725 -2.7655 -3.92922 2.29725 0.0182108
-2.82111 2.17936 -3.10435 -4.18993 2.17936 -0.200286
-1.68722 -2.04204 -3.51328 -3.67731 -2.04204 -1.29122
-1.69335 -1.92958 -3.57509 -3.72535 -1.92958 -1.33059
-2.10698 -0.623883 2.37884 0.192231 -0.623883 3.17196
-2.16784 -0.308472 -1.42359 -2.53953 -0.308472 0.526266
-2.30502 0.15778 -2.08662 -3.10536 0.15778 0.154432
0.486442 -2.26087 1.83256 1.63978 -2.26087 0.951847
0.564797 -2.08374 -1.61117 -0.739898 -2.08374 -1.53864
1.68049 1.54309 1.16238 2.01021 1.54309 -0.366362
-0.188857 -3.13014 -0.200257 -0.275145 -3.13014 -0.00806077
1.23403 -0.035034 1.03506 1.60449 -0.035034 -0.140694
0.342673 -2.35146 -3.84795 -2.4786 -2.35146 -2.96321
0.0727168 -2.66027 -2.64979 -1.82226 -2.66027 -1.9251
0.0674433 -2.78932 -1.58116 -1.07036 -2.78932 -1.16574
-0.0487799 -2.74762 -1.56385 -1.1403 -2.74762 -1.07131
-0.0567503 -2.9442 -1.82752 -1.33238 -2.9442 -1.25212
0.204758 -2.97465 -1.80551 -1.1319 -2.97465 -1.42147
-0.922961 -3.31733 -4.53823 -3.86164 -3.31733 -2.55638
-0.161507 -2.97737 -4.88938 -3.57151 -2.97737 -3.34311
0.0411443 -3.0336 -3.50758 -2.45114 -3.0336 -2.50932
0.310143 -3.15626 -3.41318 -2.19418 -3.15626 -2.63279
-0.0525967 -3.54924 -1.39885 -1.02633 -3.54924 -0.951944
0.0463763 -2.40427 -1.24028 -0.844219 -2.40427 -0.909805
0.405232 -2.07548 1.29853 1.20474 -2.07548 0.631655
0.527511 -2.04558 1.28171 1.27931 -2.04558 0.533299
1.16361 -0.52637 0.835779 1.41378 -0.52637 -0.231813
0.674648 -1.42973 0.882484 1.10106 -1.42973 0.146963
0.552248 -2.45773 -0.591456 -0.0277245 -2.45773 -0.80872
-0.827497 -3.12733 -1.16949 -1.41208 -3.12733 -0.241826
-1.51146 -1.94628 -0.611894 -1.50144 -1.94628 0.636089
-2.11102 -0.548276 -0.290587 -1.69819 -0.548276 1.28724
-1.18166 -2.71963 1.57954 0.281348 -2.71963 1.95246
-1.44429 -2.47334 1.70743 0.18607 -2.47334 2.2286
-1.77825 -1.37477 1.56006 -0.154285 -1.37477 2.36054
1.15005 -0.409624 -0.613772 0.379203 -0.409624 -1.24721
1.35994 0.0811802 -0.665597 0.490971 0.0811802 -1.43227
1.0743 -0.746216 -0.291428 0.553574 -0.746216 -0.965716
-1.44299 -2.38014 -1.4773 -2.06495 -2.38014 -0.0242595
-1.76915 -1.72105 -2.08844 -2.72773 -1.72105 -0.225775
-2.2289 -0.498244 -1.64199 -2.73713 -0.498244 0.415007
-1.67109 -1.77066 -0.259748 -1.36531 -1.77066 0.99797
-1.71413 -1.84014 -0.362594 -1.46846 -1.84014 0.955677
-2.18372 -0.607848 2.2926 0.0769888 -0.607848 3.16523
-2.90127 2.43335 -0.394803 -2.33068 2.43335 1.77234
-2.86318 2.44474 -0.907899 -2.66656 2.44474 1.38259
-2.86318 2.44474 -0.907899 -2.66656 2.44474 1.38259
-2.83971 2.22661 -0.15589 -2.11821 2.22661 1.89775
-2.88614 2.53921 -0.345846 -2.28536 2.53921 1.79626
0.678211 -1.38331 -2.00319 -0.9369 -1.38331 -1.89604
1.0048 -1.40303 -2.3831 -0.974603 -1.40303 -2.3956
0.771813 -1.24195 -2.55248 -1.25912 -1.24195 -2.35063
1.37547 0.62391 -0.194023 0.835407 0.62391 -1.1098
1.31693 0.177565 -0.350991 0.683025 0.177565 -1.1794
1.08614 -1.06266 0.906445 1.40897 -1.06266 -0.127061
-0.399902 -3.1404 -0.323735 -0.511689 -3.1404 0.0538582
-0.322084 -2.7014 -0.443809 -0.541568 -2.7014 -0.0860729
-0.399592 -2.67331 -1.03796 -1.0165 -2.67331 -0.451391
-0.745652 -2.85035 3.31718 1.81835 -2.85035 2.87286
-0.662678 -2.78603 4.07491 2.41281 -2.78603 3.34998
-0.657478 -2.94026 2.54518 1.33481 -2.94026 2.26462
-1.09852 -2.7873 1.63469 0.379127 -2.7873 1.93267
0.0278228 -3.46638 0.757072 0.555004 -3.46638 0.515657
-0.0388431 -3.65773 0.718036 0.480262 -3.65773 0.535194
-0.312977 -3.09296 0.946436 0.447923 -3.09296 0.89054
0.486057 -2.48516 0.00458008 0.346933 -2.48516 -0.340456
0.960239 -1.4538 1.70452 1.88427 -1.4538 0.526286
1.2511 0.000302617 -1.07447 0.124901 0.000302617 -1.64443
1.41435 0.680012 3.14572 3.22446 0.680012 1.22427
1.50558 0.618832 3.17846 3.31212 0.618832 1.18291
1.57318 0.590257 3.14227 3.33433 0.590257 1.10951
1.33839 0.142397 2.44269 2.67363 0.142397 0.780858
1.32574 0.14809 1.99732 2.34976 0.14809 0.474883
-1.51633 -2.23576 -1.63288 -2.22683 -2.23576 -0.0824117
-1.81837 -1.46314 -2.84668 -3.29869 -1.46314 -0.727126
-1.90346 -0.759569 1.67124 -0.164204 -0.759569 2.52769
-2.09661 -0.416012 1.95978 -0.0967537 -0.416012 2.86831
-2.26854 -0.433138 2.12275 -0.103089 -0.433138 3.10511
0.155474 -2.8368 0.419945 0.406883 -2.8368 0.187009
0.226441 -2.65741 -0.626169 -0.28265 -2.65741 -0.602886
0.32479 -2.25113 1.61255 1.36991 -2.25113 0.910583
0.561068 -2.46757 1.74088 1.62772 -2.46757 0.834253
1.93795 2.37936 -2.95145 -0.716653 2.37936 -3.45732
1.83663 2.26659 -3.78208 -1.37564 2.26659 -3.97303
1.76723 2.16132 -3.03188 -0.894236 2.16132 -3.39348
1.67269 1.48525 -0.115155 1.10134 1.48525 -1.2642
1.69351 1.20712 0.469313 1.52934 1.20712 -0.865635
1.69351 1.20712 0.469313 1.52934 1.20712 -0.865635
1.27833 -0.340076 -0.0470275 0.870663 -0.340076 -0.93717
0.780428 -1.35218 0.343582 0.794795 -1.35218 -0.308897
0.689934 -2.07819 -1.24351 -0.391437 -2.07819 -1.36715
0.684079 -1.9877 -1.34358 -0.46634 -1.9877 -1.43377
1.37894 0.436691 0.297008 1.18508 0.436691 -0.765043
0.792676 -1.45396 -0.439837 0.249495 -1.45396 -0.871519
1.56853 1.0359 0.353036 1.35875 1.0359 -0.859484
1.20922 -0.299008 -0.219301 0.699975 -0.299008 -1.01011
1.88761 2.48884 -1.28234 0.427991 2.48884 -2.24149
1.332 0.232612 -0.524083 0.571283 0.232612 -1.31245
-0.037597 -2.87201 1.59259 1.09955 -2.87201 1.15272
-1.66009 -1.51479 -2.10781 -2.66431 -1.51479 -0.316585
-1.5166 -2.55077 1.32656 -0.134373 -2.55077 2.01042
-2.22484 -0.158686 -0.545435 -1.95888 -0.158686 1.18752
-1.5978 -2.0644 1.28073 -0.224197 -2.0644 2.03543
-2.14538 -0.551355 0.90218 -0.879072 -0.551355 2.15495
-2.65735 1.4013 0.134377 -1.78401 1.4013 1.97405
-2.62077 1.36368 -0.496327 -2.20412 1.36368 1.50221
-2.61863 1.13929 1.49417 -0.795113 1.13929 2.90818
-2.74597 1.3649 1.3817 -0.964688 1.3649 2.9187
-2.57299 1.19144 1.31602 -0.888813 1.19144 2.74995
-2.56471 1.10511 3.75345 0.840567 1.10511 4.46761
-2.24847 -0.175198 2.97578 0.514288 -0.175198 3.6941
-2.55142 0.948012 0.991736 -1.10286 0.948012 2.50539
-0.244842 -3.20232 -0.433882 -0.47993 -3.20232 -0.133671
-0.437381 -2.85558 0.089584 -0.24593 -2.85558 0.372621
0.439687 -2.75735 0.926839 0.96628 -2.75735 0.344469
0.923163 -1.37442 0.833615 1.24223 -1.37442 -0.06332
1.86062 2.3583 1.17128 2.14388 2.3583 -0.487431
1.12358 -0.340827 1.0406 1.53031 -0.340827 -0.0586716
1.28459 -0.298685 0.871381 1.5245 -0.298685 -0.292183
1.57004 1.05822 -1.33004 0.169701 1.05822 -2.05067
1.45447 0.684691 -0.808734 0.456604 0.684691 -1.60033
1.17306 -0.348904 1.40792 1.82503 -0.348904 0.166067
-1.77033 -1.47486 -0.502682 -1.60726 -1.47486 0.896365
-2.81069 2.17957 -1.32963 -2.92765 2.17957 1.04727
-2.99718 2.3943 0.888669 -1.49094 2.3943 2.74771
-2.69605 2.03551 0.589363 -1.48965 2.03551 2.32314
-2.74141 1.97974 1.07906 -1.17546 1.97974 2.70148
-2.67883 1.90833 1.53194 -0.810975 1.90833 2.97746
-2.76828 2.56375 -0.31286 -2.1787 2.56375 1.73625
-3.0869 3.15338 -0.98533 -2.8795 3.15338 1.48603
-0.829592 -3.15512 1.14807 0.2252 -3.15512 1.39842
1.08158 -1.10351 -0.529179 0.390604 -1.10351 -1.13898
0.782482 -1.85026 -0.727076 0.0391781 -1.85026 -1.06742
0.494236 -1.74153 -0.75115 -0.181666 -1.74153 -0.880621
0.759157 -1.78304 -0.821098 -0.0437995 -1.78304 -1.11741
0.875239 -1.29787 0.574348 1.02501 -1.29787 -0.212762
1.07042 -1.07785 -2.00155 -0.658408 -1.07785 -2.17221
0.567418 -2.28936 -2.27198 -1.20531 -2.28936 -2.00776
1.43354 0.241349 -1.28697 0.103644 0.241349 -1.92369
1.46188 0.227747 -1.31549 0.103514 0.227747 -1.96389
-0.160484 -3.05825 1.31648 0.817409 -3.05825 1.04437
-0.0703854 -2.89231 0.147836 0.0547661 -2.89231 0.154306
-0.960326 -2.4577 -0.11292 -0.758899 -2.4577 0.599206
-0.556261 -2.84813 1.27879 0.510903 -2.84813 1.29757
-1.36302 -2.86294 0.55174 -0.573661 -2.86294 1.35394
-1.35454 -2.39908 0.207775 -0.810883 -2.39908 1.10472
-1.62751 -1.94119 0.134236 -1.0559 -1.94119 1.24574
1.54101 0.677098 2.0031 2.50606 0.677098 0.326746
1.54101 0.677098 2.0031 2.50606 0.677098 0.326746
0.902916 -1.0836 0.318417 0.863613 -1.0836 -0.413303
1.0637 -0.365675 0.471335 1.08543 -0.365675 -0.418866
1.1347 -0.405789 0.0254766 0.820371 -0.405789 -0.784342
0.959683 -0.989157 -1.83372 -0.618036 -0.989157 -1.97523
0.635333 -1.94371 0.983604 1.14476 -1.94371 0.246265
-1.08408 -2.8544 -3.82452 -3.4709 -2.8544 -1.93778
-1.9445 -1.16872 -1.18465 -2.21264 -1.16872 0.537299
-1.21945 -2.6422 -1.89692 -2.2036 -2.6422 -0.479043
-1.60144 -2.15903 -2.00122 -2.54747 -2.15903 -0.282684
-1.74578 -1.25942 -1.38784 -2.21581 -1.25942 0.253105
-1.11144 -2.57766 -3.61048 -3.3389 -2.57766 -1.76709
-1.71548 -1.65811 -2.78403 -3.18164 -1.65811 -0.755577
-2.74508 1.73239 2.55177 -0.136696 1.73239 3.74544
-2.83583 2.2894 1.9456 -0.629486 2.2894 3.38098
-2.87582 2.8439 -2.92675 -4.10304 2.8439 -0.0360075
-2.9893 2.84121 -2.82451 -4.11098 2.84121 0.116523
-2.33881 -0.0396835 -0.971952 -2.34106 -0.0396835 0.966514
-2.10173 -0.625565 0.660122 -1.01937 -0.625565 1.95292
-2.09044 -0.444284 2.1184 0.0197748 -0.444284 2.9761
-2.85963 2.28251 1.32131 -1.08776 2.28251 2.95637
-1.44423 -2.21317 -0.826685 -1.60578 -2.21317 0.436671
-1.83288 -1.82343 -0.327971 -1.52795 -1.82343 1.06413
-2.28032 -0.486677 -2.2429 -3.1984 -0.486677 0.0264591
-1.95728 -1.11455 -1.17957 -2.21809 -1.11455 0.549928
-2.27801 -0.199003 -3.38533 -4.00459 -0.199003 -0.782993
-2.22059 -0.163419 -3.29429 -3.89961 -0.163419 -0.759225
-1.99958 -0.356898 -1.58238 -2.53283 -0.356898 0.295004
-1.77241 -1.67156 1.81445 0.029724 -1.67156 2.53629
-1.76189 -1.97002 -2.21164 -2.80971 -1.97002 -0.318021
-1.6568 -1.95103 -2.15533 -2.69559 -1.95103 -0.352518
-1.75816 -2.03125 -2.19191 -2.79312 -2.03125 -0.306706
-1.6741 -1.93736 -2.20178 -2.74066 -1.93736 -0.373127
-0.993264 -2.81102 0.363219 -0.44551 -2.81102 0.959178
-1.74772 -1.53878 1.8283 0.0569808 -1.53878 2.52863
-2.13935 -0.413401 1.61534 -0.370531 -0.413401 2.65497
-1.80601 -1.70486 0.734271 -0.757832 -1.70486 1.79625
-2.64663 1.27189 3.83943 0.84343 1.27189 4.58634
-2.52175 1.21729 3.59579 0.759462 1.21729 4.32576
-2.79847 2.28055 1.75194 -0.74001 2.28055 3.21762
-2.79847 2.28055 1.75194 -0.74001 2.28055 3.21762
-2.97541 2.79925 -2.69751 -4.01136 2.79925 0.196504
-2.78605 1.7603 -4.62908 -5.24329 1.7603 -1.30322
-2.93705 2.33319 -3.33295 -4.43356 2.33319 -0.279941
-2.19892 0.0679287 -2.02141 -2.98422 0.0679287 0.125519
-2.33217 0.00187807 -2.2118 -3.21307 0.00187807 0.0851118
-2.25059 0.170069 -2.49157 -3.35321 0.170069 -0.170393
-2.10752 -0.314327 -2.52122 -3.27301 -0.314327 -0.292536
-1.19458 -2.41479 0.672456 -0.369197 -2.41479 1.32019
-1.59187 -1.74124 -0.318826 -1.35107 -1.74124 0.900182
-1.10969 -2.62417 0.703736 -0.287052 -2.62417 1.28229
-0.511746 -3.1299 1.50905 0.7052 -3.1299 1.42892
1.50713 0.682205 -0.26332 0.87951 0.682205 -1.2519
0.649181 -1.99245 1.53125 1.5418 -1.99245 0.623719
1.17191 -0.300926 -2.03697 -0.611688 -0.300926 -2.26902
0.0696831 -3.02487 -3.14103 -2.17177 -3.02487 -2.27032
2.07271 3.22053 3.14141 3.68694 3.22053 0.755689
0.335447 -2.58634 4.87759 3.68618 -2.58634 3.21178
0.268845 -2.38988 4.39106 3.29505 -2.38988 2.91484
0.40541 -2.19648 2.58044 2.11131 -2.19648 1.53798
-0.216588 -3.41788 0.127155 -0.0632386 -3.41788 0.243063
-0.281648 -2.54071 0.837993 0.393396 -2.54071 0.791706
-0.175501 -2.8888 0.929031 0.532826 -2.8888 0.781022
-1.30453 -2.75434 -0.55715 -1.3164 -2.75434 0.528476
-0.458992 -3.24095 -1.00125 -1.03254 -3.24095 -0.383431
0.140859 -2.58167 2.53137 1.88955 -2.58167 1.69034
-1.91132 -1.36162 1.33827 -0.405202 -1.36162 2.29781
-1.24938 -2.75835 2.23429 0.696441 -2.75835 2.46333
1.90953 2.39779 -1.74779 0.11437 2.39779 -2.58611
-0.596752 -3.28704 2.48584 1.33579 -3.28704 2.17972
0.0456248 -2.78381 2.47416 1.78175 -2.78381 1.71723
0.10842 -2.99229 -0.208228 -0.0705746 -2.99229 -0.223904
-0.294574 -3.13848 -0.10885 -0.285263 -3.13848 0.131327
-0.0561473 -3.11375 -3.02973 -2.18205 -3.11375 -2.10264
-0.272543 -2.92487 -1.51026 -1.26063 -2.92487 -0.875195
0.319979 -2.22093 -0.28107 0.0275132 -2.22093 -0.425006
0.0918437 -2.78499 0.958603 0.742778 -2.78499 0.612892
0.173939 -2.932 1.09513 0.89737 -2.932 0.651383
1.26902 0.20944 -0.443733 0.583567 0.20944 -1.2111
1.42 0.498543 -0.901183 0.366858 0.498543 -1.64132
0.643756 -1.95187 1.01125 1.17027 -1.95187 0.259857
1.17831 -0.360941 0.111519 0.91205 -0.360941 -0.754339
1.19769 -0.559509 -0.167159 0.728696 -0.559509 -0.965095
0.970848 -0.763528 0.451845 1.006 -0.763528 -0.366991
0.866662 -1.0675 -0.967858 -0.0715563 -1.0675 -1.2972
0.788681 -1.2962 -0.903584 -0.0812483 -1.2962 -1.19661
1.19556 -0.288013 -0.420786 0.547851 -0.288013 -1.14293
1.32284 -0.0509168 0.263324 1.12159 -0.0509168 -0.749193
0.906653 -1.14347 0.118337 0.724777 -1.14347 -0.557424
0.656912 -1.77975 0.158656 0.576694 -1.77975 -0.35232
1.27186 0.00681762 -1.46451 -0.136224 0.00681762 -1.93491
1.13866 -0.675826 -0.0346279 0.780666 -0.675826 -0.829638
1.28714 0.185478 0.362905 1.16676 0.185478 -0.653531
1.40556 0.647658 2.9217 3.05983 0.647658 1.07207
1.2293 -0.888719 0.854811 1.47369 -0.888719 -0.264804
1.0363 -0.446233 -2.02701 -0.700537 -0.446233 -2.16608
-0.298135 -3.29363 -0.0241636 -0.2279 -3.29363 0.193727
-2.16615 -0.590485 -3.80638 -4.22321 -0.590485 -1.15981
1.91059 2.7428 3.72884 3.98768 2.7428 1.28569
1.87124 1.93799 2.54248 3.12097 1.93799 0.474642
1.73172 1.95421 2.54725 3.02569 1.95421 0.576666
1.7273 1.82929 2.28101 2.8343 1.82929 0.391535
1.7273 1.82929 2.28101 2.8343 1.82929 0.391535
1.7273 1.82929 2.28101 2.8343 1.82929 0.391535
0.618981 -1.98695 -1.93895 -0.933358 -1.98695 -1.80873
1.35067 0.193336 1.9942 2.36518 0.193336 0.455048
1.60588 1.44193 4.09355 4.03011 1.44193 1.75905
1.1822 -0.482197 0.939137 1.50001 -0.482197 -0.171869
1.32509 -0.317849 0.317519 1.1615 -0.317849 -0.712457
0.656692 -1.52452 -2.22158 -1.10654 -1.52452 -2.03524
-1.34942 -2.18006 1.83039 0.3401 -2.18006 2.24846
-2.03138 -0.945635 -0.227429 -1.59722 -0.945635 1.27559
-2.04397 -0.500216 -0.608563 -1.87562 -0.500216 1.01498
-1.42786 -1.95373 2.0983 0.474074 -1.95373 2.49338
-0.135212 -3.02764 2.07316 1.37033 -3.02764 1.56155
-0.0631406 -3.11392 2.75858 1.90596 -3.11392 1.99526
-1.14855 -3.13007 -0.862113 -1.42175 -3.13007 0.202539
1.52485 0.819883 -5.13664 -2.55392 0.819883 -4.71039
1.10411 -0.607168 4.51694 3.97469 -0.607168 2.41324
1.14742 -0.156978 1.27256 1.71118 -0.156978 0.0884873
0.223156 -2.7593 0.932459 0.817143 -2.7593 0.501553
0.232473 -2.86339 1.11348 0.951734 -2.86339 0.622968
-0.810264 -2.98422 2.85373 1.44495 -2.98422 2.59084
-1.62282 -2.26755 1.3438 -0.197293 -2.26755 2.09772
1.95742 2.31408 -2.8939 -0.662194 2.31408 -3.4304
1.81626 2.32951 -2.86369 -0.740646 2.32951 -3.30923
1.90618 2.60863 -2.94745 -0.736291 2.60863 -3.43203
1.90618 2.60863 -2.94745 -0.736291 2.60863 -3.43203
1.7494 1.73852 -2.96982 -0.862966 1.73852 -3.33699
1.29465 -0.000393032 5.44373 4.76475 -0.000393032 2.93384
0.877805 -1.25229 4.27999 3.64711 -1.25229 2.40571
0.815658 -1.56548 3.29618 2.90751 -1.56548 1.75399
0.758683 -1.54211 3.2437 2.83011 -1.54211 1.75717
0.758683 -1.54211 3.2437 2.83011 -1.54211 1.75717
-1.05768 -3.19544 1.07865 0.0148264 -3.19544 1.51062
-0.25984 -3.0821 -4.40506 -3.29858 -3.0821 -2.93111
-0.640005 -3.19826 -2.28819 -2.07055 -3.19826 -1.16544
-2.61113 0.832756 3.15235 0.382695 0.832756 4.0754
-2.71895 1.61332 2.29162 -0.302169 1.61332 3.54301
-2.86889 2.13957 2.57726 -0.206211 2.13957 3.85101
-1.04372 -2.79124 -2.78654 -2.7084 -2.79124 -1.23236
-1.36289 -2.32244 -0.413816 -1.25632 -2.32244 0.671094
-1.71712 -1.83358 -4.37562 -4.30822 -1.83358 -1.87985
-0.895785 -3.07496 -4.49108 -3.80909 -3.07496 -2.54226
1.88485 2.58435 4.36917 4.42226 2.58435 1.75667
1.5812 1.23882 0.488961 1.46382 1.23882 -0.772329
1.68158 1.82388 1.9959 2.60037 1.82388 0.222259
1.55293 1.22866 -0.117592 1.01494 1.22866 -1.18124
1.39753 0.638714 0.659556 1.45458 0.638714 -0.521823
1.15848 -0.41341 -4.33203 -2.24404 -0.41341 -3.88238
1.35494 0.04982 -2.10888 -0.533118 0.04982 -2.44929
1.41946 0.510856 -3.1113 -1.19631 0.510856 -3.20373
1.43369 0.46683 -2.88541 -1.02652 0.46683 -3.05406
1.45605 0.544521 -2.71592 -0.890862 0.544521 -2.95003
1.46423 0.598671 -3.05688 -1.12618 0.598671 -3.19691
