0 1.0000e+00
1 6.2665e-01
2 4.7367e-01
3 3.8307e-01
4 2.9526e-01
5 2.4749e-01
6 2.0481e-01
7 1.6516e-01
8 1.5025e-01
9 8.1110e-02
10 4.9695e-02
11 4.2315e-02
12 4.9298e-02
13 2.6875e-02
14 8.0106e-03
15 2.1892e-03
16 -9.9964e-03
17 -2.2538e-02
18 -1.4221e-02
19 7.3238e-03
20 4.0735e-02
21 2.2516e-02
22 7.6000e-03
23 9.8356e-03
24 -8.3523e-04
25 -1.7398e-03
26 2.9086e-02
27 4.4319e-02
28 2.8519e-02
29 3.8462e-02
30 4.0590e-02
31 5.1970e-02
32 4.9234e-02
33 2.5346e-02
34 1.6542e-02
35 -2.2139e-02
36 -7.9869e-03
37 1.5844e-02
38 2.1598e-02
39 3.5813e-02
40 4.1292e-03
41 4.2397e-03
42 -1.1737e-02
43 -1.1342e-02
44 -3.4666e-02
45 -6.1650e-02
46 -7.3431e-02
47 -5.1499e-02
48 -5.6752e-02
49 -2.1413e-02
50 -3.8402e-02
51 -1.4748e-02
52 -4.1831e-02
53 -9.7033e-03
54 1.2745e-02
55 8.6976e-03
56 4.6144e-03
57 1.9165e-02
58 1.1856e-02
59 1.0256e-02
60 -3.9940e-03
61 -2.9393e-02
62 -3.1095e-02
63 -3.7663e-02
64 -3.9639e-02
65 -1.7810e-02
66 -1.5644e-02
67 -2.2642e-02
68 1.7217e-02
69 1.6435e-02
70 1.7720e-02
71 -2.1666e-02
72 -1.2134e-02
73 -3.1518e-03
74 -7.4870e-03
75 -4.1746e-02
76 -6.5596e-02
77 -6.5377e-02
78 -7.3111e-02
79 -8.4942e-02
80 -7.0577e-02
81 -5.1850e-02
82 -3.6078e-02
83 -6.7873e-02
84 -7.3181e-02
85 -9.9118e-02
86 -1.0410e-01
87 -1.0018e-01
88 -6.5311e-02
89 -1.7194e-02
90 -2.3505e-02
91 -2.4621e-02
92 -3.6519e-02
93 -8.4868e-03
94 1.7270e-02
95 1.8192e-02
96 -1.3319e-02
97 -1.2704e-02
98 -3.2925e-02
99 -3.7943e-02
100 -2.9535e-02
101 -8.8684e-03
102 1.3933e-02
103 1.0534e-02
104 3.0548e-04
105 2.3034e-02
106 1.5592e-03
107 -1.8792e-02
108 -5.4536e-02
109 -3.4432e-02
110 -3.6511e-02
111 -2.1162e-02
112 -3.3954e-02
113 -6.6011e-02
114 -7.8289e-02
115 -8.2035e-02
116 -9.2632e-02
117 -1.1763e-01
118 -1.3544e-01
119 -1.1452e-01
120 -1.1526e-01
121 -6.4537e-02
122 -6.7949e-02
123 -4.7554e-02
124 -4.8335e-02
125 -5.8896e-02
126 -5.6350e-02
127 -3.9535e-02
128 -4.3933e-02
129 -4.7302e-02
130 -1.9356e-02
131 -2.6819e-03
132 -1.1428e-03
133 -2.9633e-03
134 -7.1348e-03
135 -2.9260e-02
136 -6.8032e-03
137 -3.2466e-02
138 -5.6967e-02
139 -2.5591e-02
140 -4.0177e-02
141 -3.5754e-02
142 -2.5467e-03
143 1.0109e-02
144 4.4036e-03
145 -1.3969e-02
146 -2.9606e-02
147 -4.4822e-03
148 2.6484e-02
149 1.0058e-03
150 -2.0195e-03
151 2.1290e-03
152 9.7145e-03
153 2.2635e-02
154 5.0395e-02
155 1.4214e-02
156 3.5053e-03
157 -2.6847e-02
158 -2.5654e-02
159 -2.5372e-02
160 -9.7606e-03
161 -1.9324e-02
162 1.1247e-02
163 1.3548e-02
164 -4.6352e-03
165 -1.4289e-02
166 -3.7973e-02
167 -5.1487e-02
168 -5.1859e-02
169 -8.5539e-02
170 -8.9233e-02
171 -1.0166e-01
172 -9.8933e-02
173 -1.0936e-01
174 -8.4384e-02
175 -7.8674e-02
176 -7.8146e-02
177 -3.7485e-02
178 -5.1697e-02
179 -3.8146e-02
180 -5.7205e-05
181 2.2350e-02
182 -6.8769e-03
183 2.4450e-02
184 3.0574e-02
185 6.1264e-02
186 7.5371e-02
187 8.9020e-02
188 8.0705e-02
189 7.4532e-02
190 4.9049e-02
191 3.1835e-02
192 2.1398e-02
193 2.0307e-02
194 2.9299e-02
195 5.4557e-02
196 7.2436e-02
197 4.6610e-02
198 7.3471e-02
199 7.3100e-02
200 9.7483e-02
201 1.2989e-01
202 7.9292e-02
203 9.7579e-02
204 9.1205e-02
205 5.5997e-02
206 6.0893e-02
207 7.0153e-02
208 9.1883e-02
209 1.0165e-01
210 8.1318e-02
211 1.1161e-01
212 1.0206e-01
213 1.2499e-01
214 1.0731e-01
215 1.2126e-01
216 1.2377e-01
217 1.3077e-01
218 7.8952e-02
219 3.2561e-02
220 1.8288e-02
221 3.5148e-02
222 1.9115e-04
223 -6.4874e-03
224 -2.8695e-02
225 -3.6665e-02
226 -3.7498e-02
227 -2.7740e-02
228 -8.5089e-04
229 4.4372e-03
230 2.1010e-02
231 1.9900e-02
232 4.8928e-02
233 4.4721e-02
234 6.6131e-02
235 8.4905e-02
236 1.0679e-01
237 1.2014e-01
238 1.2930e-01
239 9.2952e-02
240 9.8797e-02
241 6.3170e-02
242 6.1552e-02
243 5.2668e-02
244 2.1647e-02
245 3.7076e-02
246 3.2757e-02
247 2.6609e-02
248 1.2546e-02
249 9.3844e-03
250 -4.3400e-02
251 -5.9735e-02
252 -8.0648e-02
253 -5.9274e-02
254 8.8439e-03
255 4.9562e-02
256 3.8423e-02
257 5.2779e-02
258 8.0692e-02
259 4.3607e-02
260 5.8232e-02
261 3.1841e-02
262 9.0055e-03
263 -2.1002e-02
264 -1.1652e-02
265 4.2280e-02
266 7.4728e-02
267 5.6108e-02
268 7.9653e-02
269 6.2118e-02
270 4.0224e-02
271 2.8433e-02
272 -1.9693e-03
273 -4.9865e-02
274 -7.2608e-02
275 -8.3533e-02
276 -7.7577e-02
277 -7.9183e-02
278 -7.2607e-02
279 -6.1119e-02
280 -6.8658e-02
281 -4.1860e-02
282 -4.7123e-02
283 -3.9367e-02
284 -4.2253e-02
285 -2.2943e-02
286 -2.5245e-02
287 4.9021e-03
288 2.6919e-02
289 5.6831e-02
290 8.4059e-02
291 9.6243e-02
292 8.8829e-02
293 6.7384e-02
294 5.2734e-02
295 7.0897e-02
296 6.6891e-02
297 1.1006e-01
298 1.2520e-01
299 1.1065e-01
300 7.8781e-02
301 6.3684e-02
302 7.5776e-02
303 8.0619e-02
304 9.2925e-02
305 1.0907e-01
306 9.5590e-02
307 5.9400e-02
308 4.5669e-02
309 3.7719e-02
310 6.5063e-02
311 7.1184e-02
312 2.3575e-02
313 1.5938e-02
314 2.4650e-02
315 4.9266e-04
316 -1.4524e-02
317 -1.6308e-02
318 -1.0673e-02
319 1.6281e-02
320 1.9736e-02
321 -5.4788e-03
322 8.0512e-03
323 -2.8017e-02
324 -2.1147e-02
325 -7.3718e-03
326 6.0013e-03
327 -2.4421e-02
328 -2.1148e-02
329 -1.4123e-02
330 -1.4784e-02
331 -1.6644e-02
332 -8.2063e-03
333 -3.5218e-02
334 -1.6543e-02
335 -2.6374e-02
336 -9.2241e-04
337 6.2073e-02
338 9.1062e-02
339 8.4752e-02
340 1.1457e-01
341 7.8546e-02
342 4.8879e-02
343 2.2633e-02
344 1.8030e-02
345 -4.0332e-03
346 -2.0719e-02
347 -6.4641e-02
348 -3.0839e-02
349 -2.2478e-02
350 -2.5820e-02
351 -3.0074e-02
352 -3.2627e-02
353 -4.9600e-02
354 -8.3948e-02
355 -1.2969e-01
356 -1.3145e-01
357 -1.3081e-01
358 -1.3413e-01
359 -1.0924e-01
360 -1.0452e-01
361 -1.0727e-01
362 -1.2940e-01
363 -9.7108e-02
364 -8.8925e-02
365 -7.7905e-02
366 -1.0512e-01
367 -1.0510e-01
368 -8.0804e-02
369 -6.8551e-02
370 -4.6976e-02
371 -4.2249e-02
372 -7.1766e-02
373 -9.4397e-02
374 -1.2827e-01
375 -1.3007e-01
376 -9.6801e-02
377 -7.3441e-02
378 -6.8592e-02
379 -1.4705e-02
380 -5.6771e-02
381 -6.5755e-02
382 -8.1123e-02
383 -1.0196e-01
384 -8.4773e-02
385 -4.8691e-02
386 -7.7447e-02
387 -5.6060e-02
388 -4.6486e-02
389 -4.9066e-02
390 -1.8539e-02
391 1.6655e-02
392 1.4698e-02
393 2.8880e-02
394 2.0578e-02
395 2.7051e-02
396 3.3274e-03
397 -2.3463e-03
398 5.5047e-03
399 1.9140e-02
400 2.0540e-02
401 2.8752e-02
402 4.5067e-02
403 2.0016e-02
404 -2.7017e-02
405 -8.1678e-02
406 -9.1612e-02
407 -6.9634e-02
408 -3.4265e-02
409 -6.6782e-03
410 -1.8730e-02
411 -5.7773e-02
412 -5.8550e-02
413 -3.9374e-02
414 -2.8752e-02
415 -3.5564e-02
416 -5.2763e-02
417 -5.4513e-02
418 -4.7994e-02
419 -3.9980e-02
420 -3.4189e-02
421 1.8559e-02
422 2.5690e-02
423 2.1623e-02
424 -2.1012e-02
425 -5.0524e-02
426 -4.9833e-02
427 -6.0334e-02
428 -5.0005e-02
429 -7.8945e-02
430 -7.8962e-02
431 -9.3606e-02
432 -1.0554e-01
433 -7.5708e-02
434 -6.4550e-02
435 -7.8617e-02
436 -8.8891e-02
437 -1.3001e-01
438 -8.4307e-02
439 -8.0236e-02
440 -1.1367e-01
441 -5.2381e-02
442 -2.9092e-02
443 -2.9657e-02
444 -7.3127e-03
445 2.4343e-02
446 4.1517e-02
447 5.7660e-02
448 -4.5319e-03
449 4.5755e-02
450 8.1726e-02
451 1.0808e-01
452 1.1634e-01
453 1.5255e-01
454 1.0329e-01
455 9.1674e-02
456 6.3258e-02
457 2.6509e-02
458 1.4749e-02
459 -3.5215e-02
460 -8.4265e-02
461 -9.4813e-02
462 -1.2917e-01
463 -1.2889e-01
464 -9.8321e-02
465 -5.5540e-02
466 -2.8916e-02
467 -3.3768e-02
468 2.6453e-03
469 2.3685e-02
470 4.3500e-02
471 6.4716e-02
472 7.5575e-02
473 8.6140e-02
474 7.9016e-02
475 3.7302e-02
476 1.7863e-02
477 1.1701e-02
478 3.8253e-03
479 2.4402e-02
480 3.2258e-02
481 4.0659e-02
482 8.3039e-02
483 9.7424e-02
484 1.0235e-01
485 8.4933e-02
486 2.6718e-02
487 1.4824e-02
488 2.6624e-02
489 -4.8008e-03
490 1.4641e-02
491 6.2900e-02
492 8.3288e-02
493 1.1118e-01
494 1.2301e-01
495 1.0455e-01
496 1.3702e-01
497 7.9131e-02
498 9.2151e-02
499 5.5826e-02
500 8.0801e-02
501 7.0529e-02
502 1.0756e-01
503 1.3625e-01
504 1.4563e-01
505 1.4456e-01
506 1.5374e-01
507 1.3054e-01
508 1.1400e-01
509 7.8905e-02
510 7.6728e-02
511 7.9634e-02
512 8.4026e-02
513 1.8994e-02
514 8.1438e-03
515 -9.7230e-03
516 -7.6703e-02
517 -9.8842e-02
518 -9.8000e-02
519 -7.0431e-02
520 -3.4305e-02
521 -1.3242e-02
522 -1.3259e-02
523 7.3009e-03
524 1.0371e-02
525 2.6846e-02
526 5.7989e-02
527 1.0130e-01
528 7.3374e-02
529 5.5847e-02
530 6.2110e-02
531 6.1582e-02
532 7.0696e-02
533 1.4907e-01
534 1.1800e-01
535 1.1368e-01
536 9.3523e-02
537 1.0678e-01
538 1.1016e-01
539 1.0790e-01
540 1.2220e-01
541 1.0209e-01
542 8.3872e-02
543 2.1893e-02
544 1.8979e-02
545 2.7435e-02
546 5.6497e-02
547 9.4485e-02
548 4.7895e-02
549 7.8924e-02
550 5.0726e-02
551 3.6063e-02
552 -1.1839e-02
553 2.0881e-02
554 -3.5794e-02
555 -8.3953e-02
556 -1.5939e-01
557 -1.5404e-01
558 -1.3835e-01
559 -1.1996e-01
560 -1.0737e-01
561 -1.0403e-01
562 -1.1561e-01
563 -1.3670e-01
564 -1.4018e-01
565 -1.2666e-01
566 -5.9617e-02
567 -8.1803e-02
568 -1.1419e-01
569 -1.1318e-01
570 -1.0622e-01
571 -7.0656e-02
572 -5.3874e-02
573 -6.9406e-02
574 -4.0294e-02
575 -7.5758e-02
576 -9.0925e-02
577 -1.0589e-01
578 -1.2454e-01
579 -1.3429e-01
580 -9.2676e-02
581 -1.4838e-01
582 -1.8035e-01
583 -2.4868e-01
584 -2.4510e-01
585 -2.4534e-01
586 -2.3669e-01
587 -2.2589e-01
588 -2.3774e-01
589 -1.7343e-01
590 -1.9273e-01
591 -2.1430e-01
592 -1.5770e-01
593 -1.4943e-01
594 -1.2366e-01
595 -1.0029e-01
596 -5.8651e-02
597 -1.0972e-02
598 1.6287e-02
599 -1.1315e-03
600 3.4541e-02
601 1.9739e-02
602 1.4841e-02
603 4.5424e-02
604 4.8202e-02
605 7.2833e-02
606 7.5814e-02
607 7.1008e-02
608 1.2075e-01
609 1.2317e-01
610 1.2677e-01
611 6.9688e-02
612 1.9583e-02
613 -2.6759e-02
614 -5.7661e-02
615 -2.9941e-02
616 -1.5051e-03
617 -1.5393e-02
618 6.6727e-03
619 2.9341e-03
620 -3.8220e-02
621 2.8092e-02
622 -1.1180e-02
623 -2.2981e-02
624 -1.7120e-03
625 -4.5635e-04
626 2.4619e-03
627 1.6178e-02
628 2.5551e-02
629 -1.6219e-02
630 2.8083e-02
631 5.3537e-02
632 2.8469e-02
633 4.2030e-02
634 4.0532e-02
635 6.7837e-02
636 1.1565e-01
637 8.1699e-02
638 5.0932e-02
639 4.9640e-02
640 5.4661e-02
641 5.9183e-02
642 8.3390e-02
643 1.5063e-02
644 -4.8210e-03
645 -7.2632e-02
646 -1.2953e-01
647 -1.1326e-01
648 -1.2453e-01
649 -1.3220e-01
650 -1.4747e-01
651 -1.7121e-01
652 -2.0027e-01
653 -2.2017e-01
654 -2.0550e-01
655 -1.6759e-01
656 -9.6619e-02
657 -1.0227e-01
658 -1.0331e-01
659 -9.2056e-02
660 -7.6209e-02
661 -6.8156e-02
662 -4.5011e-02
663 -5.7671e-02
664 -2.2557e-02
665 -3.1769e-02
666 -4.6628e-03
667 -1.1025e-02
668 5.8418e-02
669 1.2406e-01
670 1.4159e-01
671 6.0105e-02
672 3.6332e-02
673 -1.3603e-04
674 2.5188e-02
675 9.4075e-05
676 -3.0014e-02
677 -8.5124e-02
678 -1.0122e-01
679 -8.5587e-02
680 -1.0793e-01
681 -3.8990e-02
682 -9.7737e-03
683 3.7036e-02
684 2.8840e-02
685 3.3774e-02
686 8.6991e-03
687 1.4341e-02
688 2.2790e-02
689 6.1551e-02
690 5.6752e-02
691 5.8909e-02
692 5.0857e-02
693 3.2383e-02
694 4.9043e-02
695 -4.7840e-03
696 -9.4290e-03
697 -5.8339e-02
698 -5.9981e-02
699 -1.7858e-02
700 7.8426e-03
701 2.4340e-02
702 -3.7938e-02
703 -8.4306e-02
704 -9.1686e-02
705 -8.7524e-02
706 -8.3640e-02
707 -2.7702e-02
708 -6.5517e-02
709 3.9058e-05
710 3.8941e-02
711 4.2177e-02
712 5.6117e-02
713 1.0851e-01
714 8.6699e-02
715 7.6673e-02
716 2.6239e-02
717 -4.3212e-02
718 -8.3552e-02
719 -3.0279e-02
720 -7.0622e-02
721 -4.4601e-02
722 -8.5386e-02
723 -6.5721e-02
724 -5.0923e-02
725 -7.6750e-02
726 -8.0620e-02
727 -6.5994e-02
728 -4.6125e-02
729 -5.5603e-02
730 -1.9080e-02
731 -1.6025e-02
732 2.5309e-02
733 1.6293e-02
734 -2.0848e-02
735 -6.3733e-02
736 -3.5061e-02
737 -2.5221e-02
738 3.5619e-02
739 2.6442e-02
740 2.6996e-02
741 2.1410e-02
742 3.7577e-02
743 1.2209e-02
744 -3.1828e-02
745 -9.7340e-02
746 -1.4778e-01
747 -9.5286e-02
748 -4.5119e-02
749 -1.2596e-02
750 6.5308e-04
751 -4.5154e-03
752 4.1868e-02
753 1.4092e-02
754 -1.8307e-02
755 -2.7723e-02
756 -3.5124e-02
757 -1.6491e-02
758 1.9782e-02
759 4.0501e-03
760 5.5678e-02
761 8.1464e-02
762 7.2287e-02
763 6.1730e-02
764 5.5263e-02
765 1.7915e-02
766 -6.3691e-03
767 -1.6306e-02
768 -4.6040e-02
769 -7.7693e-02
770 -2.5237e-02
771 -7.0269e-02
772 -9.2007e-02
773 -1.2296e-01
774 -1.1943e-01
775 -1.1899e-01
776 -1.3518e-01
777 -1.6517e-01
778 -1.2432e-01
779 -1.0356e-01
780 -1.3571e-01
781 -1.1880e-01
782 -1.3991e-01
783 -9.9878e-02
784 -9.6321e-02
785 -9.5972e-02
786 -1.0072e-01
787 -5.5186e-02
788 -4.0670e-02
789 -2.6281e-02
790 4.6571e-02
791 8.8162e-02
792 4.3092e-02
793 1.0763e-01
794 -3.5722e-02
795 2.1203e-02
796 3.7582e-02
797 -3.8753e-02
798 1.4406e-02
799 -2.4501e-02
800 -4.1990e-02
801 -2.7642e-02
802 -1.6953e-02
803 -2.0052e-02
804 8.5380e-02
805 1.0277e-01
806 1.2909e-01
807 1.1575e-01
808 1.1592e-01
809 1.5537e-01
810 1.5748e-01
811 1.1790e-01
812 7.6117e-02
813 1.6456e-02
814 -2.5421e-02
815 -4.1337e-02
816 -1.4374e-02
817 1.0572e-03
818 5.3645e-02
819 4.9431e-02
820 1.0365e-01
821 1.4712e-01
822 1.4296e-01
823 7.4671e-02
824 9.6142e-02
825 4.4931e-02
826 4.0862e-02
827 -8.3319e-03
828 -1.5479e-02
829 1.9125e-02
830 9.4106e-02
831 1.5939e-01
832 1.7308e-01
833 7.4126e-02
834 1.1201e-01
835 3.2936e-02
836 1.1509e-01
837 1.2692e-01
838 1.2564e-01
839 8.5357e-02
840 2.3422e-02
841 8.6901e-03
842 8.1844e-02
843 1.1051e-01
844 1.2459e-01
845 5.6432e-02
846 4.8988e-02
847 5.1665e-02
848 -2.8198e-02
849 -3.2266e-02
850 -3.0005e-02
851 -3.2753e-02
852 -4.3079e-02
853 -2.6149e-02
854 -1.0903e-01
855 -1.1819e-01
856 -1.7501e-01
857 -1.7080e-01
858 -1.3244e-01
859 -6.8501e-02
860 -5.9514e-02
861 -1.0766e-02
862 -6.8074e-02
863 5.0004e-02
864 9.9076e-02
865 7.5328e-02
866 -3.8846e-02
867 -3.7546e-02
868 -5.9198e-02
869 -3.0286e-02
870 -4.5551e-02
871 -2.9211e-02
872 9.7015e-02
873 1.7929e-01
874 7.3800e-02
875 1.0991e-01
876 2.4225e-02
877 5.3550e-02
878 5.5955e-02
879 1.5574e-01
880 7.8739e-02
881 1.1296e-01
882 -4.8787e-04
883 -8.1332e-02
884 -1.0942e-01
885 -8.5245e-02
886 1.3257e-02
887 3.1779e-02
888 -7.8613e-02
889 -1.5762e-01
890 -1.6719e-01
891 -1.7845e-01
892 -2.1231e-01
893 -2.7188e-01
894 -2.8753e-01
895 -3.2400e-01
896 -3.0912e-01
897 -2.9854e-01
898 -2.0801e-01
899 -1.7703e-01
900 -1.0705e-01
901 -9.5809e-02
902 -1.1543e-01
903 -1.9885e-01
904 -1.9783e-01
905 -2.2748e-01
906 -2.3509e-01
907 -2.0758e-01
908 -3.5623e-01
909 -3.8061e-01
910 -3.8745e-01
911 -3.7637e-01
912 -3.2193e-01
913 -3.4703e-01
914 -3.6727e-01
915 -2.7726e-01
916 -3.3007e-01
917 -3.8236e-01
918 -3.0963e-01
919 -2.2669e-01
920 -1.9542e-01
921 -1.4127e-01
922 -1.8025e-01
923 -1.4787e-01
924 -1.6893e-01
925 -5.3587e-02
926 -1.4835e-02
927 6.6883e-02
928 -5.0155e-02
929 3.7108e-02
930 1.1952e-01
931 1.3272e-01
932 1.8153e-01
933 8.7527e-02
934 6.6500e-02
935 1.5312e-01
936 1.7190e-01
937 2.9187e-01
938 3.0559e-01
939 3.2490e-01
940 3.7809e-01
941 5.6151e-01
942 4.5940e-01
943 3.0466e-01
944 1.3149e-01
945 1.8718e-01
946 1.3421e-01
947 1.4791e-01
948 6.8053e-02
949 1.1841e-01
950 1.1906e-01
951 3.2756e-02
952 -1.7085e-02
953 -7.5775e-02
954 -8.4125e-02
955 -7.8398e-02
956 -2.8764e-02
957 -2.3233e-01
958 -3.4865e-01
959 -3.4077e-01
960 -3.5807e-01
961 -2.4861e-01
962 -1.3674e-01
963 -2.0353e-01
964 -2.1866e-01
965 -3.4077e-01
966 -3.4545e-01
967 -2.5882e-01
968 1.5380e-02
969 3.0992e-02
970 1.7666e-01
971 -8.3476e-02
972 -1.5051e-01
973 -7.8999e-02
974 7.7163e-02
975 2.2970e-01
976 2.7751e-01
977 6.1489e-02
978 1.3420e-01
979 2.2623e-01
980 3.5829e-01
981 4.2354e-01
982 4.2397e-01
983 3.2744e-01
984 2.6407e-01
985 -4.5814e-02
986 -3.4719e-01
987 -5.2639e-01
988 -4.1272e-01
989 -3.0671e-01
990 -2.4520e-01
991 -2.8664e-01
992 -3.2512e-02
993 3.4202e-01
994 4.0095e-01
995 8.1110e-01
996 4.3600e-01
997 4.8325e-02
998 -8.2304e-01
999 -1.4828e+00
