0 1.0000e+00
1 6.9107e-01
2 5.1921e-01
3 4.0977e-01
4 3.2067e-01
5 2.5417e-01
6 1.8364e-01
7 1.5691e-01
8 1.4539e-01
9 1.5460e-01
10 1.4373e-01
11 1.3519e-01
12 1.3566e-01
13 1.2784e-01
14 9.7130e-02
15 7.0476e-02
16 5.3782e-02
17 3.0410e-02
18 1.1467e-02
19 -1.7804e-02
20 -4.1231e-02
21 -4.0180e-02
22 -2.1959e-02
23 -3.3472e-02
24 -2.5775e-02
25 -1.8995e-02
26 -2.6416e-02
27 -3.8138e-02
28 -4.2544e-02
29 -3.3218e-02
30 -3.3718e-02
31 -1.0071e-02
32 7.5237e-03
33 3.5589e-02
34 4.3490e-02
35 2.5396e-02
36 2.2373e-02
37 2.7524e-02
38 1.1961e-02
39 3.3577e-02
40 5.6339e-02
41 8.1492e-02
42 7.6003e-02
43 7.4259e-02
44 1.0538e-01
45 1.2469e-01
46 1.1157e-01
47 1.0460e-01
48 8.7338e-02
49 8.1388e-02
50 4.1060e-02
51 1.4522e-02
52 3.0214e-02
53 2.5539e-02
54 2.9166e-02
55 8.3323e-03
56 2.3878e-02
57 1.9811e-02
58 2.2172e-02
59 9.9650e-03
60 -1.0235e-02
61 -1.7814e-02
62 -3.6774e-02
63 -2.9358e-02
64 -2.5584e-02
65 -9.0435e-03
66 8.2677e-03
67 2.7675e-02
68 4.9516e-02
69 5.3017e-02
70 2.9914e-02
71 1.1764e-02
72 -6.1570e-03
73 -8.5096e-03
74 -1.2540e-02
75 -1.1748e-02
76 -9.4754e-04
77 2.5777e-02
78 3.4021e-02
79 1.8859e-02
80 4.8921e-02
81 8.4026e-02
82 5.6219e-02
83 3.8659e-02
84 6.7889e-02
85 1.1647e-01
86 1.1539e-01
87 1.0329e-01
88 7.8706e-02
89 6.2701e-02
90 6.3955e-02
91 4.4328e-02
92 1.5504e-02
93 9.0323e-03
94 -1.6483e-02
95 -5.6031e-04
96 -7.2753e-03
97 -1.1207e-02
98 -1.6919e-02
99 -1.9660e-02
100 -3.6910e-02
101 -1.8725e-02
102 -9.2345e-03
103 -2.0050e-02
104 -6.2860e-02
105 -1.0041e-01
106 -9.2494e-02
107 -1.2119e-01
108 -1.2314e-01
109 -1.1931e-01
110 -6.6871e-02
111 -6.1308e-02
112 -5.0189e-02
113 -3.1707e-02
114 -1.4108e-02
115 2.7920e-02
116 2.8042e-02
117 4.2981e-02
118 6.2736e-02
119 8.6392e-02
120 4.6916e-02
121 3.3225e-02
122 1.5440e-02
123 -2.9489e-03
124 -1.4865e-02
125 -4.2474e-03
126 2.5816e-02
127 3.5906e-02
128 7.7582e-02
129 8.9039e-02
130 7.2920e-02
131 7.6291e-02
132 5.8933e-02
133 5.4965e-02
134 5.0673e-02
135 4.7962e-02
136 1.9316e-02
137 2.4046e-02
138 5.1992e-03
139 -3.8472e-03
140 -5.1362e-03
141 3.4796e-03
142 2.1725e-02
143 2.6069e-02
144 1.3399e-02
145 -1.4592e-02
146 -4.8530e-02
147 -9.5195e-02
148 -9.8634e-02
149 -9.3474e-02
150 -6.0854e-02
151 -3.3066e-02
152 -2.1238e-02
153 -1.5675e-02
154 -1.4134e-02
155 -1.1876e-02
156 -2.7095e-02
157 -6.3165e-02
158 -5.6348e-02
159 -8.0167e-03
160 3.3660e-02
161 2.7976e-02
162 3.8100e-02
163 1.6289e-02
164 2.2443e-02
165 8.2412e-03
166 -2.7140e-02
167 -2.3940e-02
168 -3.9295e-02
169 -5.5841e-02
170 -4.1405e-02
171 -1.9560e-02
172 -2.9064e-02
173 -3.9752e-02
174 -3.3400e-02
175 -6.8927e-03
176 6.1658e-03
177 1.0806e-02
178 1.5543e-02
179 2.5941e-02
180 9.9711e-03
181 -1.5529e-02
182 -3.8944e-02
183 -6.1579e-02
184 -6.0884e-02
185 -5.6148e-02
186 -5.8947e-02
187 -4.8649e-02
188 -5.9161e-02
189 -6.4478e-02
190 -6.8781e-02
191 -5.8340e-02
192 -7.5564e-02
193 -8.4926e-02
194 -8.0554e-02
195 -6.4231e-02
196 -3.3351e-02
197 7.6027e-03
198 1.6476e-03
199 8.9965e-03
200 2.6474e-02
201 2.8206e-03
202 -1.8577e-02
203 -3.3060e-02
204 -4.2508e-02
205 -4.6581e-02
206 -5.0944e-02
207 -5.2429e-02
208 -4.0814e-02
209 -3.4266e-02
210 -4.1490e-02
211 -4.4422e-02
212 -4.9845e-02
213 -7.3872e-02
214 -7.6813e-02
215 -1.0421e-01
216 -1.1413e-01
217 -1.1036e-01
218 -8.0515e-02
219 -3.2853e-02
220 -2.3611e-02
221 -3.1722e-02
222 -4.6646e-02
223 -5.6498e-02
224 -4.8530e-02
225 -5.8946e-02
226 -5.2966e-02
227 -7.3211e-02
228 -6.4208e-02
229 -4.4834e-02
230 -3.2866e-02
231 -4.5158e-02
232 -5.8177e-02
233 -7.9395e-02
234 -8.9869e-02
235 -1.3506e-01
236 -1.4497e-01
237 -1.5083e-01
238 -1.4273e-01
239 -1.3207e-01
240 -1.4333e-01
241 -1.2181e-01
242 -1.4344e-01
243 -1.4436e-01
244 -1.2856e-01
245 -9.7722e-02
246 -8.1742e-02
247 -7.7245e-02
248 -8.6873e-02
249 -1.1538e-01
250 -1.0224e-01
251 -7.6839e-02
252 -7.2314e-02
253 -7.8409e-02
254 -9.6665e-02
255 -8.6305e-02
256 -6.7273e-02
257 -8.9854e-02
258 -9.1608e-02
259 -8.7737e-02
260 -9.0749e-02
261 -1.0586e-01
262 -1.2184e-01
263 -8.4311e-02
264 -7.8796e-02
265 -8.5312e-02
266 -7.9733e-02
267 -7.8539e-02
268 -7.9577e-02
269 -8.3233e-02
270 -6.5156e-02
271 -6.5420e-02
272 -6.2660e-02
273 -7.4266e-02
274 -8.1302e-02
275 -7.7328e-02
276 -8.3911e-02
277 -3.5869e-02
278 -2.1231e-02
279 4.5750e-04
280 5.6970e-03
281 5.7324e-03
282 -5.9566e-03
283 -4.5646e-02
284 -6.1927e-02
285 -5.2636e-02
286 -5.9915e-02
287 -4.0084e-02
288 -4.2779e-02
289 -4.8135e-02
290 -4.5893e-02
291 -4.5048e-02
292 -3.3401e-02
293 -1.9580e-02
294 -1.8212e-02
295 2.3419e-03
296 -3.9447e-04
297 -4.4048e-03
298 -1.6452e-02
299 -3.7836e-02
300 -7.1303e-02
301 -1.1750e-01
302 -1.3854e-01
303 -1.4620e-01
304 -1.1875e-01
305 -8.2859e-02
306 -6.5300e-02
307 -3.9675e-02
308 -8.1311e-02
309 -9.5526e-02
310 -7.9528e-02
311 -8.7893e-02
312 -8.7466e-02
313 -9.1152e-02
314 -8.4779e-02
315 -4.9654e-02
316 -2.2735e-02
317 -4.1661e-02
318 -4.5541e-02
319 -1.2578e-02
320 -3.0030e-03
321 1.0846e-02
322 2.5850e-02
323 1.1464e-02
324 -6.8855e-03
325 -2.2689e-02
326 -2.7767e-02
327 -4.6244e-02
328 -4.5179e-02
329 -4.5355e-02
330 -3.3998e-02
331 1.9800e-03
332 6.2833e-03
333 -3.1648e-02
334 -8.9056e-02
335 -1.1693e-01
336 -1.1825e-01
337 -1.3394e-01
338 -8.7474e-02
339 -7.2866e-02
340 -3.8847e-02
341 -1.8376e-02
342 -1.8675e-02
343 -2.1768e-02
344 -6.1251e-03
345 -2.5155e-02
346 -4.4632e-02
347 -4.1448e-02
348 -8.1813e-03
349 1.9389e-02
350 1.4743e-02
351 5.1360e-02
352 6.8354e-02
353 5.2671e-02
354 4.1550e-02
355 1.2585e-02
356 -4.4942e-03
357 -1.3652e-02
358 -4.5129e-02
359 -6.7666e-02
360 -8.0854e-02
361 -6.2046e-02
362 -4.3812e-02
363 -6.0005e-02
364 -5.1970e-02
365 -3.3474e-02
366 -3.1407e-02
367 -3.7411e-02
368 -5.3553e-02
369 -5.2215e-02
370 -3.0024e-02
371 -4.6825e-02
372 -4.4192e-02
373 -5.7307e-02
374 -4.3543e-02
375 -1.7098e-02
376 -2.4101e-02
377 -6.9861e-02
378 -9.8274e-02
379 -9.1529e-02
380 -1.3105e-01
381 -1.5082e-01
382 -1.5141e-01
383 -1.4629e-01
384 -1.4242e-01
385 -1.5825e-01
386 -1.6502e-01
387 -1.7394e-01
388 -1.5932e-01
389 -1.6090e-01
390 -1.7771e-01
391 -1.6486e-01
392 -1.4648e-01
393 -1.0951e-01
394 -1.0715e-01
395 -1.2100e-01
396 -9.1166e-02
397 -3.8941e-02
398 1.2039e-02
399 1.5213e-02
400 1.4536e-02
401 4.7785e-03
402 -1.8440e-02
403 -5.0790e-02
404 -6.9907e-02
405 -5.8240e-02
406 -3.1544e-02
407 2.6466e-03
408 5.3218e-02
409 6.6573e-02
410 9.0112e-02
411 8.8500e-02
412 5.3922e-02
413 3.5868e-02
414 -5.1347e-03
415 1.7438e-03
416 2.6643e-02
417 3.3603e-02
418 1.6754e-02
419 3.7069e-02
420 5.0690e-02
421 4.6262e-02
422 4.8356e-02
423 4.6419e-02
424 2.5728e-02
425 1.3668e-02
426 -1.4539e-03
427 -2.1737e-02
428 -2.4360e-02
429 -2.5451e-02
430 -6.3977e-03
431 3.3394e-02
432 1.9290e-02
433 5.0254e-02
434 6.2137e-02
435 6.8962e-02
436 3.2292e-02
437 3.0573e-02
438 5.0075e-02
439 3.1907e-02
440 -4.6022e-04
441 -4.3887e-03
442 3.3649e-02
443 3.4650e-02
444 -3.0537e-03
445 -1.2848e-02
446 -4.7301e-03
447 3.3149e-02
448 2.1154e-02
449 2.7316e-02
450 5.2236e-02
451 5.8514e-02
452 5.3250e-02
453 1.2382e-02
454 -4.5524e-02
455 -4.7276e-02
456 -1.4727e-03
457 1.6723e-02
458 4.5710e-03
459 2.3951e-02
460 7.1877e-02
461 7.1958e-02
462 5.7780e-02
463 4.9596e-02
464 8.1861e-02
465 9.3908e-02
466 1.0899e-01
467 1.2597e-01
468 9.6402e-02
469 6.4686e-02
470 5.6111e-02
471 7.0372e-02
472 6.5575e-02
473 6.1227e-02
474 1.0467e-01
475 1.0118e-01
476 1.0073e-01
477 1.2868e-01
478 1.5316e-01
479 1.2852e-01
480 1.1860e-01
481 1.0467e-01
482 1.2015e-01
483 1.4618e-01
484 1.4243e-01
485 1.4637e-01
486 1.8578e-01
487 1.8712e-01
488 1.5272e-01
489 1.3704e-01
490 1.2136e-01
491 1.2197e-01
492 1.1663e-01
493 8.3120e-02
494 7.9505e-02
495 7.8489e-02
496 9.8032e-02
497 1.1434e-01
498 1.1125e-01
499 9.4786e-02
500 7.2118e-02
501 4.9785e-02
502 1.5916e-02
503 3.5870e-02
504 3.4082e-02
505 3.3915e-02
506 1.2188e-02
507 1.9801e-02
508 4.6444e-02
509 6.4311e-02
510 7.0108e-02
511 1.0403e-01
512 1.2675e-01
513 1.1400e-01
514 6.2304e-02
515 5.1921e-03
516 3.2925e-02
517 -4.3989e-03
518 -2.5063e-02
519 -9.4688e-03
520 -3.2773e-02
521 -5.9604e-02
522 -1.0675e-01
523 -9.1414e-02
524 -9.4196e-02
525 -9.1191e-02
526 -6.7262e-02
527 -4.3934e-02
528 -2.4556e-02
529 -4.2164e-03
530 2.8738e-02
531 1.5087e-02
532 8.4765e-03
533 -2.6762e-03
534 1.5503e-03
535 -1.2183e-02
536 -2.5000e-02
537 -2.8896e-02
538 -3.3641e-02
539 -6.4692e-02
540 -7.9395e-02
541 -2.6127e-02
542 -1.8360e-02
543 3.2084e-03
544 4.3690e-02
545 9.2418e-02
546 1.2348e-01
547 1.4135e-01
548 1.9935e-01
549 1.7922e-01
550 1.9277e-01
551 2.0657e-01
552 2.1917e-01
553 2.0123e-01
554 1.7187e-01
555 1.2123e-01
556 7.0681e-02
557 6.6813e-02
558 5.8551e-02
559 6.6118e-02
560 4.1498e-02
561 5.7357e-02
562 6.0423e-02
563 8.7756e-02
564 7.6363e-02
565 2.5727e-02
566 2.8660e-02
567 4.1674e-03
568 1.8094e-02
569 2.1037e-02
570 5.0751e-02
571 2.5289e-02
572 4.3769e-02
573 5.1491e-02
574 5.9585e-02
575 1.1427e-01
576 1.0580e-01
577 1.0240e-01
578 9.5993e-02
579 8.7617e-02
580 4.6113e-02
581 2.8164e-02
582 1.0031e-02
583 -2.6734e-02
584 -3.0169e-02
585 -3.2486e-03
586 -1.4898e-02
587 3.5288e-02
588 3.9254e-02
589 4.9929e-02
590 8.1206e-02
591 7.9694e-02
592 1.0729e-01
593 1.5309e-01
594 1.7651e-01
595 2.0187e-01
596 2.0953e-01
597 2.1635e-01
598 2.5423e-01
599 2.5567e-01
600 2.7024e-01
601 2.8451e-01
602 2.8003e-01
603 2.7029e-01
604 2.3131e-01
605 1.9898e-01
606 1.5745e-01
607 1.2786e-01
608 7.7652e-02
609 4.3596e-02
610 2.8212e-02
611 2.3872e-02
612 3.9386e-02
613 5.9508e-03
614 -2.7259e-02
615 7.5962e-03
616 1.4803e-02
617 4.5929e-02
618 3.3226e-02
619 1.1314e-02
620 -8.8190e-03
621 -4.6071e-02
622 -2.2058e-02
623 -3.6501e-02
624 -7.1901e-02
625 -1.0931e-01
626 -8.3000e-02
627 -3.9466e-02
628 -3.1397e-03
629 3.9689e-02
630 4.5433e-02
631 1.3811e-01
632 1.6270e-01
633 1.4419e-01
634 1.1580e-01
635 8.7877e-02
636 9.5969e-02
637 1.1493e-01
638 1.4488e-01
639 1.4892e-01
640 1.5347e-01
641 1.3079e-01
642 1.4310e-01
643 1.3697e-01
644 1.3378e-01
645 1.7477e-01
646 1.7290e-01
647 1.8154e-01
648 1.7355e-01
649 1.7543e-01
650 1.6268e-01
651 1.4227e-01
652 8.3190e-02
653 3.4100e-02
654 -1.9198e-02
655 -1.0760e-01
656 -1.0731e-01
657 -1.3075e-01
658 -1.3434e-01
659 -1.3394e-01
660 -1.4896e-01
661 -1.2645e-01
662 -8.5561e-02
663 -5.2140e-02
664 -4.8563e-02
665 -8.9333e-02
666 -1.4385e-01
667 -1.7481e-01
668 -1.9344e-01
669 -1.3856e-01
670 -1.4900e-01
671 -9.7977e-02
672 -2.9146e-02
673 -2.9366e-02
674 -1.2456e-02
675 -1.2259e-02
676 5.2873e-02
677 4.1303e-02
678 4.3260e-02
679 1.9264e-02
680 6.5834e-02
681 7.7917e-02
682 6.8687e-02
683 6.2796e-02
684 4.0876e-02
685 1.0284e-01
686 1.0466e-01
687 1.2636e-01
688 1.3308e-01
689 1.3617e-01
690 1.4635e-01
691 1.2668e-01
692 1.2771e-01
693 1.2547e-01
694 1.3393e-01
695 1.0647e-01
696 5.6556e-02
697 4.1358e-02
698 2.2588e-02
699 -1.3157e-01
700 -1.8853e-01
701 -2.2581e-01
702 -2.1881e-01
703 -1.8972e-01
704 -1.8025e-01
705 -1.8409e-01
706 -2.0066e-01
707 -1.7263e-01
708 -1.5074e-01
709 -1.8605e-01
710 -2.1342e-01
711 -2.3180e-01
712 -2.4365e-01
713 -2.4071e-01
714 -2.4449e-01
715 -2.2150e-01
716 -1.6598e-01
717 -1.0437e-01
718 -2.7613e-02
719 -3.4334e-03
720 -6.6943e-02
721 -1.0513e-01
722 -1.2001e-01
723 -1.6900e-01
724 -1.5507e-01
725 -1.8854e-01
726 -1.7069e-01
727 -1.1498e-01
728 -1.0364e-01
729 -5.8062e-02
730 7.2760e-03
731 3.3742e-02
732 4.9029e-03
733 -4.0557e-02
734 -4.4932e-02
735 -8.3680e-02
736 -1.3470e-01
737 -1.0428e-01
738 -1.0242e-01
739 -1.4277e-01
740 -1.3746e-01
741 -1.1007e-01
742 -1.3441e-01
743 -1.4812e-01
744 -1.7132e-01
745 -1.9777e-01
746 -1.6618e-01
747 -1.6901e-01
748 -1.5423e-01
749 -9.9102e-02
750 -5.6992e-02
751 -9.3122e-02
752 -1.0655e-01
753 -6.9766e-02
754 -3.8900e-02
755 2.2027e-02
756 3.6557e-02
757 1.9882e-02
758 1.5872e-02
759 6.5542e-02
760 5.8928e-02
761 5.0515e-02
762 6.4688e-02
763 8.2683e-02
764 8.1041e-02
765 5.1879e-02
766 7.7067e-02
767 5.7345e-02
768 4.3626e-02
769 2.4094e-02
770 1.0658e-02
771 7.4851e-02
772 1.2423e-01
773 1.0614e-01
774 1.3968e-01
775 1.7091e-01
776 1.7620e-01
777 1.7578e-01
778 1.4603e-01
779 1.0055e-01
780 5.0838e-02
781 6.9218e-03
782 1.5513e-02
783 -1.5627e-02
784 -1.0252e-01
785 -1.8383e-01
786 -2.3463e-01
787 -2.0512e-01
788 -2.1260e-01
789 -2.2725e-01
790 -1.8054e-01
791 -1.5466e-01
792 -1.9891e-01
793 -1.7508e-01
794 -2.1688e-01
795 -2.1145e-01
796 -2.2183e-01
797 -2.5108e-01
798 -2.2994e-01
799 -2.4230e-01
800 -2.0976e-01
801 -2.3122e-01
802 -2.1373e-01
803 -1.5331e-01
804 -2.9274e-02
805 -7.7681e-03
806 -4.8020e-02
807 -3.5779e-02
808 -1.8732e-02
809 -5.2133e-03
810 -5.8830e-02
811 -6.4674e-02
812 -8.5872e-02
813 -5.3979e-02
814 1.6247e-04
815 1.8990e-02
816 -1.4170e-02
817 -2.2403e-03
818 1.2134e-02
819 2.7425e-02
820 2.6255e-02
821 1.2352e-02
822 5.5044e-02
823 3.0327e-02
824 -7.0303e-04
825 -5.0793e-02
826 -6.7207e-02
827 -7.5224e-02
828 -1.2107e-01
829 -1.3339e-01
830 -1.4979e-01
831 -1.2129e-01
832 -8.7479e-02
833 -8.6578e-02
834 -1.0809e-01
835 -8.0828e-02
836 -2.8394e-02
837 -1.4799e-02
838 -3.6510e-02
839 -1.4040e-03
840 4.7284e-03
841 -4.8082e-02
842 -7.5710e-02
843 -4.8132e-02
844 -2.0216e-02
845 1.7842e-02
846 1.1927e-02
847 3.1509e-02
848 1.2662e-02
849 4.5310e-02
850 8.5218e-02
851 7.5150e-02
852 7.8009e-02
853 2.5410e-02
854 1.3123e-02
855 4.2654e-03
856 6.0302e-02
857 1.1833e-01
858 8.4147e-02
859 3.9061e-02
860 -5.2124e-03
861 1.4620e-02
862 4.1758e-02
863 4.7199e-02
864 2.5669e-03
865 -4.7214e-02
866 -4.9234e-02
867 -5.3426e-04
868 4.9840e-02
869 -8.7919e-03
870 -7.3895e-02
871 -1.3069e-01
872 -1.3279e-01
873 -1.3868e-01
874 -1.9420e-01
875 -2.2766e-01
876 -3.1066e-01
877 -3.1288e-01
878 -2.8405e-01
879 -3.4309e-01
880 -3.2161e-01
881 -3.8789e-01
882 -4.1539e-01
883 -4.3752e-01
884 -4.1522e-01
885 -4.2071e-01
886 -4.2926e-01
887 -4.1851e-01
888 -4.0141e-01
889 -2.9859e-01
890 -2.0967e-01
891 -1.3949e-01
892 -1.3782e-01
893 -1.6642e-01
894 -1.9038e-01
895 -1.7046e-01
896 -8.6954e-02
897 -6.8146e-02
898 -6.7863e-02
899 -1.0380e-02
900 2.7826e-02
901 6.3114e-02
902 1.2085e-01
903 1.5768e-01
904 1.4764e-01
905 1.8494e-01
906 1.6309e-01
907 1.0546e-01
908 1.4869e-01
909 1.6301e-01
910 1.9681e-01
911 1.1802e-01
912 1.2695e-01
913 1.8241e-01
914 1.3202e-01
915 1.9878e-01
916 2.0810e-01
917 2.9750e-01
918 2.8129e-01
919 2.6919e-01
920 3.3834e-01
921 3.2124e-01
922 3.4381e-01
923 3.1828e-01
924 3.4436e-01
925 3.1359e-01
926 2.6411e-01
927 2.1241e-01
928 1.9344e-01
929 1.5970e-01
930 1.2855e-01
931 1.1150e-01
932 9.4589e-02
933 8.7145e-02
934 4.4658e-02
935 3.5474e-02
936 7.5915e-02
937 5.1403e-02
938 9.2235e-02
939 1.2052e-01
940 8.3162e-03
941 6.3187e-02
942 -4.1753e-02
943 -3.8164e-03
944 -2.0857e-02
945 5.1431e-03
946 1.0924e-01
947 6.4029e-02
948 1.8308e-01
949 1.3076e-01
950 1.4559e-01
951 4.1440e-02
952 -9.7144e-03
953 1.4231e-02
954 -3.0110e-02
955 -6.3868e-02
956 -2.1085e-01
957 -1.9205e-01
958 -1.9729e-01
959 -2.5405e-01
960 -3.6014e-01
961 -3.9074e-01
962 -4.0241e-01
963 -3.1341e-01
964 -1.3958e-01
965 -9.7846e-02
966 -9.5430e-02
967 -7.2561e-02
968 7.5980e-02
969 2.3047e-01
970 2.4544e-01
971 3.1708e-01
972 3.4233e-01
973 4.8443e-01
974 6.9693e-01
975 8.3098e-01
976 9.7284e-01
977 9.4857e-01
978 1.0635e+00
979 1.1050e+00
980 1.2844e+00
981 1.3883e+00
982 1.3855e+00
983 1.2714e+00
984 1.1425e+00
985 1.2998e+00
986 1.2386e+00
987 1.0901e+00
988 8.7064e-01
989 8.8660e-01
990 1.0430e+00
991 1.0496e+00
992 9.8180e-01
993 8.4980e-01
994 6.6779e-01
995 4.5776e-01
996 5.2441e-01
997 7.7338e-01
998 1.0890e+00
999 1.0220e+00
