-0.5 1.0000e+00 
0.5 1.0000e+00
0.5 6.9107e-01 
1.5 6.9107e-01
1.5 5.1921e-01 
2.5 5.1921e-01
2.5 4.0977e-01 
3.5 4.0977e-01
3.5 3.2067e-01 
4.5 3.2067e-01
4.5 2.5417e-01 
5.5 2.5417e-01
5.5 1.8364e-01 
6.5 1.8364e-01
6.5 1.5691e-01 
7.5 1.5691e-01
7.5 1.4539e-01 
8.5 1.4539e-01
8.5 1.5460e-01 
9.5 1.5460e-01
9.5 1.4373e-01 
10.5 1.4373e-01
10.5 1.3519e-01 
11.5 1.3519e-01
11.5 1.3566e-01 
12.5 1.3566e-01
12.5 1.2784e-01 
13.5 1.2784e-01
13.5 9.7130e-02 
14.5 9.7130e-02
14.5 7.0476e-02 
15.5 7.0476e-02
15.5 5.3782e-02 
16.5 5.3782e-02
16.5 3.0410e-02 
17.5 3.0410e-02
17.5 1.1467e-02 
18.5 1.1467e-02
18.5 -1.7804e-02 
19.5 -1.7804e-02
19.5 -4.1231e-02 
20.5 -4.1231e-02
20.5 -4.0180e-02 
21.5 -4.0180e-02
21.5 -2.1959e-02 
22.5 -2.1959e-02
22.5 -3.3472e-02 
23.5 -3.3472e-02
23.5 -2.5775e-02 
24.5 -2.5775e-02
24.5 -1.8995e-02 
25.5 -1.8995e-02
25.5 -2.6416e-02 
26.5 -2.6416e-02
26.5 -3.8138e-02 
27.5 -3.8138e-02
27.5 -4.2544e-02 
28.5 -4.2544e-02
28.5 -3.3218e-02 
29.5 -3.3218e-02
29.5 -3.3718e-02 
30.5 -3.3718e-02
30.5 -1.0071e-02 
31.5 -1.0071e-02
31.5 7.5237e-03 
32.5 7.5237e-03
32.5 3.5589e-02 
33.5 3.5589e-02
33.5 4.3490e-02 
34.5 4.3490e-02
34.5 2.5396e-02 
35.5 2.5396e-02
35.5 2.2373e-02 
36.5 2.2373e-02
36.5 2.7524e-02 
37.5 2.7524e-02
37.5 1.1961e-02 
38.5 1.1961e-02
38.5 3.3577e-02 
39.5 3.3577e-02
39.5 5.6339e-02 
40.5 5.6339e-02
40.5 8.1492e-02 
41.5 8.1492e-02
41.5 7.6003e-02 
42.5 7.6003e-02
42.5 7.4259e-02 
43.5 7.4259e-02
43.5 1.0538e-01 
44.5 1.0538e-01
44.5 1.2469e-01 
45.5 1.2469e-01
45.5 1.1157e-01 
46.5 1.1157e-01
46.5 1.0460e-01 
47.5 1.0460e-01
47.5 8.7338e-02 
48.5 8.7338e-02
48.5 8.1388e-02 
49.5 8.1388e-02
49.5 4.1060e-02 
50.5 4.1060e-02
50.5 1.4522e-02 
51.5 1.4522e-02
51.5 3.0214e-02 
52.5 3.0214e-02
52.5 2.5539e-02 
53.5 2.5539e-02
53.5 2.9166e-02 
54.5 2.9166e-02
54.5 8.3323e-03 
55.5 8.3323e-03
55.5 2.3878e-02 
56.5 2.3878e-02
56.5 1.9811e-02 
57.5 1.9811e-02
57.5 2.2172e-02 
58.5 2.2172e-02
58.5 9.9650e-03 
59.5 9.9650e-03
59.5 -1.0235e-02 
60.5 -1.0235e-02
60.5 -1.7814e-02 
61.5 -1.7814e-02
61.5 -3.6774e-02 
62.5 -3.6774e-02
62.5 -2.9358e-02 
63.5 -2.9358e-02
63.5 -2.5584e-02 
64.5 -2.5584e-02
64.5 -9.0435e-03 
65.5 -9.0435e-03
65.5 8.2677e-03 
66.5 8.2677e-03
66.5 2.7675e-02 
67.5 2.7675e-02
67.5 4.9516e-02 
68.5 4.9516e-02
68.5 5.3017e-02 
69.5 5.3017e-02
69.5 2.9914e-02 
70.5 2.9914e-02
70.5 1.1764e-02 
71.5 1.1764e-02
71.5 -6.1570e-03 
72.5 -6.1570e-03
72.5 -8.5096e-03 
73.5 -8.5096e-03
73.5 -1.2540e-02 
74.5 -1.2540e-02
74.5 -1.1748e-02 
75.5 -1.1748e-02
75.5 -9.4754e-04 
76.5 -9.4754e-04
76.5 2.5777e-02 
77.5 2.5777e-02
77.5 3.4021e-02 
78.5 3.4021e-02
78.5 1.8859e-02 
79.5 1.8859e-02
79.5 4.8921e-02 
80.5 4.8921e-02
80.5 8.4026e-02 
81.5 8.4026e-02
81.5 5.6219e-02 
82.5 5.6219e-02
82.5 3.8659e-02 
83.5 3.8659e-02
83.5 6.7889e-02 
84.5 6.7889e-02
84.5 1.1647e-01 
85.5 1.1647e-01
85.5 1.1539e-01 
86.5 1.1539e-01
86.5 1.0329e-01 
87.5 1.0329e-01
87.5 7.8706e-02 
88.5 7.8706e-02
88.5 6.2701e-02 
89.5 6.2701e-02
89.5 6.3955e-02 
90.5 6.3955e-02
90.5 4.4328e-02 
91.5 4.4328e-02
91.5 1.5504e-02 
92.5 1.5504e-02
92.5 9.0323e-03 
93.5 9.0323e-03
93.5 -1.6483e-02 
94.5 -1.6483e-02
94.5 -5.6031e-04 
95.5 -5.6031e-04
95.5 -7.2753e-03 
96.5 -7.2753e-03
96.5 -1.1207e-02 
97.5 -1.1207e-02
97.5 -1.6919e-02 
98.5 -1.6919e-02
98.5 -1.9660e-02 
99.5 -1.9660e-02
99.5 -3.6910e-02 
100.5 -3.6910e-02
100.5 -1.8725e-02 
101.5 -1.8725e-02
101.5 -9.2345e-03 
102.5 -9.2345e-03
102.5 -2.0050e-02 
103.5 -2.0050e-02
103.5 -6.2860e-02 
104.5 -6.2860e-02
104.5 -1.0041e-01 
105.5 -1.0041e-01
105.5 -9.2494e-02 
106.5 -9.2494e-02
106.5 -1.2119e-01 
107.5 -1.2119e-01
107.5 -1.2314e-01 
108.5 -1.2314e-01
108.5 -1.1931e-01 
109.5 -1.1931e-01
109.5 -6.6871e-02 
110.5 -6.6871e-02
110.5 -6.1308e-02 
111.5 -6.1308e-02
111.5 -5.0189e-02 
112.5 -5.0189e-02
112.5 -3.1707e-02 
113.5 -3.1707e-02
113.5 -1.4108e-02 
114.5 -1.4108e-02
114.5 2.7920e-02 
115.5 2.7920e-02
115.5 2.8042e-02 
116.5 2.8042e-02
116.5 4.2981e-02 
117.5 4.2981e-02
117.5 6.2736e-02 
118.5 6.2736e-02
118.5 8.6392e-02 
119.5 8.6392e-02
119.5 4.6916e-02 
120.5 4.6916e-02
120.5 3.3225e-02 
121.5 3.3225e-02
121.5 1.5440e-02 
122.5 1.5440e-02
122.5 -2.9489e-03 
123.5 -2.9489e-03
123.5 -1.4865e-02 
124.5 -1.4865e-02
124.5 -4.2474e-03 
125.5 -4.2474e-03
125.5 2.5816e-02 
126.5 2.5816e-02
126.5 3.5906e-02 
127.5 3.5906e-02
127.5 7.7582e-02 
128.5 7.7582e-02
128.5 8.9039e-02 
129.5 8.9039e-02
129.5 7.2920e-02 
130.5 7.2920e-02
130.5 7.6291e-02 
131.5 7.6291e-02
131.5 5.8933e-02 
132.5 5.8933e-02
132.5 5.4965e-02 
133.5 5.4965e-02
133.5 5.0673e-02 
134.5 5.0673e-02
134.5 4.7962e-02 
135.5 4.7962e-02
135.5 1.9316e-02 
136.5 1.9316e-02
136.5 2.4046e-02 
137.5 2.4046e-02
137.5 5.1992e-03 
138.5 5.1992e-03
138.5 -3.8472e-03 
139.5 -3.8472e-03
139.5 -5.1362e-03 
140.5 -5.1362e-03
140.5 3.4796e-03 
141.5 3.4796e-03
141.5 2.1725e-02 
142.5 2.1725e-02
142.5 2.6069e-02 
143.5 2.6069e-02
143.5 1.3399e-02 
144.5 1.3399e-02
144.5 -1.4592e-02 
145.5 -1.4592e-02
145.5 -4.8530e-02 
146.5 -4.8530e-02
146.5 -9.5195e-02 
147.5 -9.5195e-02
147.5 -9.8634e-02 
148.5 -9.8634e-02
148.5 -9.3474e-02 
149.5 -9.3474e-02
149.5 -6.0854e-02 
150.5 -6.0854e-02
150.5 -3.3066e-02 
151.5 -3.3066e-02
151.5 -2.1238e-02 
152.5 -2.1238e-02
152.5 -1.5675e-02 
153.5 -1.5675e-02
153.5 -1.4134e-02 
154.5 -1.4134e-02
154.5 -1.1876e-02 
155.5 -1.1876e-02
155.5 -2.7095e-02 
156.5 -2.7095e-02
156.5 -6.3165e-02 
157.5 -6.3165e-02
157.5 -5.6348e-02 
158.5 -5.6348e-02
158.5 -8.0167e-03 
159.5 -8.0167e-03
159.5 3.3660e-02 
160.5 3.3660e-02
160.5 2.7976e-02 
161.5 2.7976e-02
161.5 3.8100e-02 
162.5 3.8100e-02
162.5 1.6289e-02 
163.5 1.6289e-02
163.5 2.2443e-02 
164.5 2.2443e-02
164.5 8.2412e-03 
165.5 8.2412e-03
165.5 -2.7140e-02 
166.5 -2.7140e-02
166.5 -2.3940e-02 
167.5 -2.3940e-02
167.5 -3.9295e-02 
168.5 -3.9295e-02
168.5 -5.5841e-02 
169.5 -5.5841e-02
169.5 -4.1405e-02 
170.5 -4.1405e-02
170.5 -1.9560e-02 
171.5 -1.9560e-02
171.5 -2.9064e-02 
172.5 -2.9064e-02
172.5 -3.9752e-02 
173.5 -3.9752e-02
173.5 -3.3400e-02 
174.5 -3.3400e-02
174.5 -6.8927e-03 
175.5 -6.8927e-03
175.5 6.1658e-03 
176.5 6.1658e-03
176.5 1.0806e-02 
177.5 1.0806e-02
177.5 1.5543e-02 
178.5 1.5543e-02
178.5 2.5941e-02 
179.5 2.5941e-02
179.5 9.9711e-03 
180.5 9.9711e-03
180.5 -1.5529e-02 
181.5 -1.5529e-02
181.5 -3.8944e-02 
182.5 -3.8944e-02
182.5 -6.1579e-02 
183.5 -6.1579e-02
183.5 -6.0884e-02 
184.5 -6.0884e-02
184.5 -5.6148e-02 
185.5 -5.6148e-02
185.5 -5.8947e-02 
186.5 -5.8947e-02
186.5 -4.8649e-02 
187.5 -4.8649e-02
187.5 -5.9161e-02 
188.5 -5.9161e-02
188.5 -6.4478e-02 
189.5 -6.4478e-02
189.5 -6.8781e-02 
190.5 -6.8781e-02
190.5 -5.8340e-02 
191.5 -5.8340e-02
191.5 -7.5564e-02 
192.5 -7.5564e-02
192.5 -8.4926e-02 
193.5 -8.4926e-02
193.5 -8.0554e-02 
194.5 -8.0554e-02
194.5 -6.4231e-02 
195.5 -6.4231e-02
195.5 -3.3351e-02 
196.5 -3.3351e-02
196.5 7.6027e-03 
197.5 7.6027e-03
197.5 1.6476e-03 
198.5 1.6476e-03
198.5 8.9965e-03 
199.5 8.9965e-03
199.5 2.6474e-02 
200.5 2.6474e-02
200.5 2.8206e-03 
201.5 2.8206e-03
201.5 -1.8577e-02 
202.5 -1.8577e-02
202.5 -3.3060e-02 
203.5 -3.3060e-02
203.5 -4.2508e-02 
204.5 -4.2508e-02
204.5 -4.6581e-02 
205.5 -4.6581e-02
205.5 -5.0944e-02 
206.5 -5.0944e-02
206.5 -5.2429e-02 
207.5 -5.2429e-02
207.5 -4.0814e-02 
208.5 -4.0814e-02
208.5 -3.4266e-02 
209.5 -3.4266e-02
209.5 -4.1490e-02 
210.5 -4.1490e-02
210.5 -4.4422e-02 
211.5 -4.4422e-02
211.5 -4.9845e-02 
212.5 -4.9845e-02
212.5 -7.3872e-02 
213.5 -7.3872e-02
213.5 -7.6813e-02 
214.5 -7.6813e-02
214.5 -1.0421e-01 
215.5 -1.0421e-01
215.5 -1.1413e-01 
216.5 -1.1413e-01
216.5 -1.1036e-01 
217.5 -1.1036e-01
217.5 -8.0515e-02 
218.5 -8.0515e-02
218.5 -3.2853e-02 
219.5 -3.2853e-02
219.5 -2.3611e-02 
220.5 -2.3611e-02
220.5 -3.1722e-02 
221.5 -3.1722e-02
221.5 -4.6646e-02 
222.5 -4.6646e-02
222.5 -5.6498e-02 
223.5 -5.6498e-02
223.5 -4.8530e-02 
224.5 -4.8530e-02
224.5 -5.8946e-02 
225.5 -5.8946e-02
225.5 -5.2966e-02 
226.5 -5.2966e-02
226.5 -7.3211e-02 
227.5 -7.3211e-02
227.5 -6.4208e-02 
228.5 -6.4208e-02
228.5 -4.4834e-02 
229.5 -4.4834e-02
229.5 -3.2866e-02 
230.5 -3.2866e-02
230.5 -4.5158e-02 
231.5 -4.5158e-02
231.5 -5.8177e-02 
232.5 -5.8177e-02
232.5 -7.9395e-02 
233.5 -7.9395e-02
233.5 -8.9869e-02 
234.5 -8.9869e-02
234.5 -1.3506e-01 
235.5 -1.3506e-01
235.5 -1.4497e-01 
236.5 -1.4497e-01
236.5 -1.5083e-01 
237.5 -1.5083e-01
237.5 -1.4273e-01 
238.5 -1.4273e-01
238.5 -1.3207e-01 
239.5 -1.3207e-01
239.5 -1.4333e-01 
240.5 -1.4333e-01
240.5 -1.2181e-01 
241.5 -1.2181e-01
241.5 -1.4344e-01 
242.5 -1.4344e-01
242.5 -1.4436e-01 
243.5 -1.4436e-01
243.5 -1.2856e-01 
244.5 -1.2856e-01
244.5 -9.7722e-02 
245.5 -9.7722e-02
245.5 -8.1742e-02 
246.5 -8.1742e-02
246.5 -7.7245e-02 
247.5 -7.7245e-02
247.5 -8.6873e-02 
248.5 -8.6873e-02
248.5 -1.1538e-01 
249.5 -1.1538e-01
249.5 -1.0224e-01 
250.5 -1.0224e-01
250.5 -7.6839e-02 
251.5 -7.6839e-02
251.5 -7.2314e-02 
252.5 -7.2314e-02
252.5 -7.8409e-02 
253.5 -7.8409e-02
253.5 -9.6665e-02 
254.5 -9.6665e-02
254.5 -8.6305e-02 
255.5 -8.6305e-02
255.5 -6.7273e-02 
256.5 -6.7273e-02
256.5 -8.9854e-02 
257.5 -8.9854e-02
257.5 -9.1608e-02 
258.5 -9.1608e-02
258.5 -8.7737e-02 
259.5 -8.7737e-02
259.5 -9.0749e-02 
260.5 -9.0749e-02
260.5 -1.0586e-01 
261.5 -1.0586e-01
261.5 -1.2184e-01 
262.5 -1.2184e-01
262.5 -8.4311e-02 
263.5 -8.4311e-02
263.5 -7.8796e-02 
264.5 -7.8796e-02
264.5 -8.5312e-02 
265.5 -8.5312e-02
265.5 -7.9733e-02 
266.5 -7.9733e-02
266.5 -7.8539e-02 
267.5 -7.8539e-02
267.5 -7.9577e-02 
268.5 -7.9577e-02
268.5 -8.3233e-02 
269.5 -8.3233e-02
269.5 -6.5156e-02 
270.5 -6.5156e-02
270.5 -6.5420e-02 
271.5 -6.5420e-02
271.5 -6.2660e-02 
272.5 -6.2660e-02
272.5 -7.4266e-02 
273.5 -7.4266e-02
273.5 -8.1302e-02 
274.5 -8.1302e-02
274.5 -7.7328e-02 
275.5 -7.7328e-02
275.5 -8.3911e-02 
276.5 -8.3911e-02
276.5 -3.5869e-02 
277.5 -3.5869e-02
277.5 -2.1231e-02 
278.5 -2.1231e-02
278.5 4.5750e-04 
279.5 4.5750e-04
279.5 5.6970e-03 
280.5 5.6970e-03
280.5 5.7324e-03 
281.5 5.7324e-03
281.5 -5.9566e-03 
282.5 -5.9566e-03
282.5 -4.5646e-02 
283.5 -4.5646e-02
283.5 -6.1927e-02 
284.5 -6.1927e-02
284.5 -5.2636e-02 
285.5 -5.2636e-02
285.5 -5.9915e-02 
286.5 -5.9915e-02
286.5 -4.0084e-02 
287.5 -4.0084e-02
287.5 -4.2779e-02 
288.5 -4.2779e-02
288.5 -4.8135e-02 
289.5 -4.8135e-02
289.5 -4.5893e-02 
290.5 -4.5893e-02
290.5 -4.5048e-02 
291.5 -4.5048e-02
291.5 -3.3401e-02 
292.5 -3.3401e-02
292.5 -1.9580e-02 
293.5 -1.9580e-02
293.5 -1.8212e-02 
294.5 -1.8212e-02
294.5 2.3419e-03 
295.5 2.3419e-03
295.5 -3.9447e-04 
296.5 -3.9447e-04
296.5 -4.4048e-03 
297.5 -4.4048e-03
297.5 -1.6452e-02 
298.5 -1.6452e-02
298.5 -3.7836e-02 
299.5 -3.7836e-02
299.5 -7.1303e-02 
300.5 -7.1303e-02
300.5 -1.1750e-01 
301.5 -1.1750e-01
301.5 -1.3854e-01 
302.5 -1.3854e-01
302.5 -1.4620e-01 
303.5 -1.4620e-01
303.5 -1.1875e-01 
304.5 -1.1875e-01
304.5 -8.2859e-02 
305.5 -8.2859e-02
305.5 -6.5300e-02 
306.5 -6.5300e-02
306.5 -3.9675e-02 
307.5 -3.9675e-02
307.5 -8.1311e-02 
308.5 -8.1311e-02
308.5 -9.5526e-02 
309.5 -9.5526e-02
309.5 -7.9528e-02 
310.5 -7.9528e-02
310.5 -8.7893e-02 
311.5 -8.7893e-02
311.5 -8.7466e-02 
312.5 -8.7466e-02
312.5 -9.1152e-02 
313.5 -9.1152e-02
313.5 -8.4779e-02 
314.5 -8.4779e-02
314.5 -4.9654e-02 
315.5 -4.9654e-02
315.5 -2.2735e-02 
316.5 -2.2735e-02
316.5 -4.1661e-02 
317.5 -4.1661e-02
317.5 -4.5541e-02 
318.5 -4.5541e-02
318.5 -1.2578e-02 
319.5 -1.2578e-02
319.5 -3.0030e-03 
320.5 -3.0030e-03
320.5 1.0846e-02 
321.5 1.0846e-02
321.5 2.5850e-02 
322.5 2.5850e-02
322.5 1.1464e-02 
323.5 1.1464e-02
323.5 -6.8855e-03 
324.5 -6.8855e-03
324.5 -2.2689e-02 
325.5 -2.2689e-02
325.5 -2.7767e-02 
326.5 -2.7767e-02
326.5 -4.6244e-02 
327.5 -4.6244e-02
327.5 -4.5179e-02 
328.5 -4.5179e-02
328.5 -4.5355e-02 
329.5 -4.5355e-02
329.5 -3.3998e-02 
330.5 -3.3998e-02
330.5 1.9800e-03 
331.5 1.9800e-03
331.5 6.2833e-03 
332.5 6.2833e-03
332.5 -3.1648e-02 
333.5 -3.1648e-02
333.5 -8.9056e-02 
334.5 -8.9056e-02
334.5 -1.1693e-01 
335.5 -1.1693e-01
335.5 -1.1825e-01 
336.5 -1.1825e-01
336.5 -1.3394e-01 
337.5 -1.3394e-01
337.5 -8.7474e-02 
338.5 -8.7474e-02
338.5 -7.2866e-02 
339.5 -7.2866e-02
339.5 -3.8847e-02 
340.5 -3.8847e-02
340.5 -1.8376e-02 
341.5 -1.8376e-02
341.5 -1.8675e-02 
342.5 -1.8675e-02
342.5 -2.1768e-02 
343.5 -2.1768e-02
343.5 -6.1251e-03 
344.5 -6.1251e-03
344.5 -2.5155e-02 
345.5 -2.5155e-02
345.5 -4.4632e-02 
346.5 -4.4632e-02
346.5 -4.1448e-02 
347.5 -4.1448e-02
347.5 -8.1813e-03 
348.5 -8.1813e-03
348.5 1.9389e-02 
349.5 1.9389e-02
349.5 1.4743e-02 
350.5 1.4743e-02
350.5 5.1360e-02 
351.5 5.1360e-02
351.5 6.8354e-02 
352.5 6.8354e-02
352.5 5.2671e-02 
353.5 5.2671e-02
353.5 4.1550e-02 
354.5 4.1550e-02
354.5 1.2585e-02 
355.5 1.2585e-02
355.5 -4.4942e-03 
356.5 -4.4942e-03
356.5 -1.3652e-02 
357.5 -1.3652e-02
357.5 -4.5129e-02 
358.5 -4.5129e-02
358.5 -6.7666e-02 
359.5 -6.7666e-02
359.5 -8.0854e-02 
360.5 -8.0854e-02
360.5 -6.2046e-02 
361.5 -6.2046e-02
361.5 -4.3812e-02 
362.5 -4.3812e-02
362.5 -6.0005e-02 
363.5 -6.0005e-02
363.5 -5.1970e-02 
364.5 -5.1970e-02
364.5 -3.3474e-02 
365.5 -3.3474e-02
365.5 -3.1407e-02 
366.5 -3.1407e-02
366.5 -3.7411e-02 
367.5 -3.7411e-02
367.5 -5.3553e-02 
368.5 -5.3553e-02
368.5 -5.2215e-02 
369.5 -5.2215e-02
369.5 -3.0024e-02 
370.5 -3.0024e-02
370.5 -4.6825e-02 
371.5 -4.6825e-02
371.5 -4.4192e-02 
372.5 -4.4192e-02
372.5 -5.7307e-02 
373.5 -5.7307e-02
373.5 -4.3543e-02 
374.5 -4.3543e-02
374.5 -1.7098e-02 
375.5 -1.7098e-02
375.5 -2.4101e-02 
376.5 -2.4101e-02
376.5 -6.9861e-02 
377.5 -6.9861e-02
377.5 -9.8274e-02 
378.5 -9.8274e-02
378.5 -9.1529e-02 
379.5 -9.1529e-02
379.5 -1.3105e-01 
380.5 -1.3105e-01
380.5 -1.5082e-01 
381.5 -1.5082e-01
381.5 -1.5141e-01 
382.5 -1.5141e-01
382.5 -1.4629e-01 
383.5 -1.4629e-01
383.5 -1.4242e-01 
384.5 -1.4242e-01
384.5 -1.5825e-01 
385.5 -1.5825e-01
385.5 -1.6502e-01 
386.5 -1.6502e-01
386.5 -1.7394e-01 
387.5 -1.7394e-01
387.5 -1.5932e-01 
388.5 -1.5932e-01
388.5 -1.6090e-01 
389.5 -1.6090e-01
389.5 -1.7771e-01 
390.5 -1.7771e-01
390.5 -1.6486e-01 
391.5 -1.6486e-01
391.5 -1.4648e-01 
392.5 -1.4648e-01
392.5 -1.0951e-01 
393.5 -1.0951e-01
393.5 -1.0715e-01 
394.5 -1.0715e-01
394.5 -1.2100e-01 
395.5 -1.2100e-01
395.5 -9.1166e-02 
396.5 -9.1166e-02
396.5 -3.8941e-02 
397.5 -3.8941e-02
397.5 1.2039e-02 
398.5 1.2039e-02
398.5 1.5213e-02 
399.5 1.5213e-02
399.5 1.4536e-02 
400.5 1.4536e-02
400.5 4.7785e-03 
401.5 4.7785e-03
401.5 -1.8440e-02 
402.5 -1.8440e-02
402.5 -5.0790e-02 
403.5 -5.0790e-02
403.5 -6.9907e-02 
404.5 -6.9907e-02
404.5 -5.8240e-02 
405.5 -5.8240e-02
405.5 -3.1544e-02 
406.5 -3.1544e-02
406.5 2.6466e-03 
407.5 2.6466e-03
407.5 5.3218e-02 
408.5 5.3218e-02
408.5 6.6573e-02 
409.5 6.6573e-02
409.5 9.0112e-02 
410.5 9.0112e-02
410.5 8.8500e-02 
411.5 8.8500e-02
411.5 5.3922e-02 
412.5 5.3922e-02
412.5 3.5868e-02 
413.5 3.5868e-02
413.5 -5.1347e-03 
414.5 -5.1347e-03
414.5 1.7438e-03 
415.5 1.7438e-03
415.5 2.6643e-02 
416.5 2.6643e-02
416.5 3.3603e-02 
417.5 3.3603e-02
417.5 1.6754e-02 
418.5 1.6754e-02
418.5 3.7069e-02 
419.5 3.7069e-02
419.5 5.0690e-02 
420.5 5.0690e-02
420.5 4.6262e-02 
421.5 4.6262e-02
421.5 4.8356e-02 
422.5 4.8356e-02
422.5 4.6419e-02 
423.5 4.6419e-02
423.5 2.5728e-02 
424.5 2.5728e-02
424.5 1.3668e-02 
425.5 1.3668e-02
425.5 -1.4539e-03 
426.5 -1.4539e-03
426.5 -2.1737e-02 
427.5 -2.1737e-02
427.5 -2.4360e-02 
428.5 -2.4360e-02
428.5 -2.5451e-02 
429.5 -2.5451e-02
429.5 -6.3977e-03 
430.5 -6.3977e-03
430.5 3.3394e-02 
431.5 3.3394e-02
431.5 1.9290e-02 
432.5 1.9290e-02
432.5 5.0254e-02 
433.5 5.0254e-02
433.5 6.2137e-02 
434.5 6.2137e-02
434.5 6.8962e-02 
435.5 6.8962e-02
435.5 3.2292e-02 
436.5 3.2292e-02
436.5 3.0573e-02 
437.5 3.0573e-02
437.5 5.0075e-02 
438.5 5.0075e-02
438.5 3.1907e-02 
439.5 3.1907e-02
439.5 -4.6022e-04 
440.5 -4.6022e-04
440.5 -4.3887e-03 
441.5 -4.3887e-03
441.5 3.3649e-02 
442.5 3.3649e-02
442.5 3.4650e-02 
443.5 3.4650e-02
443.5 -3.0537e-03 
444.5 -3.0537e-03
444.5 -1.2848e-02 
445.5 -1.2848e-02
445.5 -4.7301e-03 
446.5 -4.7301e-03
446.5 3.3149e-02 
447.5 3.3149e-02
447.5 2.1154e-02 
448.5 2.1154e-02
448.5 2.7316e-02 
449.5 2.7316e-02
449.5 5.2236e-02 
450.5 5.2236e-02
450.5 5.8514e-02 
451.5 5.8514e-02
451.5 5.3250e-02 
452.5 5.3250e-02
452.5 1.2382e-02 
453.5 1.2382e-02
453.5 -4.5524e-02 
454.5 -4.5524e-02
454.5 -4.7276e-02 
455.5 -4.7276e-02
455.5 -1.4727e-03 
456.5 -1.4727e-03
456.5 1.6723e-02 
457.5 1.6723e-02
457.5 4.5710e-03 
458.5 4.5710e-03
458.5 2.3951e-02 
459.5 2.3951e-02
459.5 7.1877e-02 
460.5 7.1877e-02
460.5 7.1958e-02 
461.5 7.1958e-02
461.5 5.7780e-02 
462.5 5.7780e-02
462.5 4.9596e-02 
463.5 4.9596e-02
463.5 8.1861e-02 
464.5 8.1861e-02
464.5 9.3908e-02 
465.5 9.3908e-02
465.5 1.0899e-01 
466.5 1.0899e-01
466.5 1.2597e-01 
467.5 1.2597e-01
467.5 9.6402e-02 
468.5 9.6402e-02
468.5 6.4686e-02 
469.5 6.4686e-02
469.5 5.6111e-02 
470.5 5.6111e-02
470.5 7.0372e-02 
471.5 7.0372e-02
471.5 6.5575e-02 
472.5 6.5575e-02
472.5 6.1227e-02 
473.5 6.1227e-02
473.5 1.0467e-01 
474.5 1.0467e-01
474.5 1.0118e-01 
475.5 1.0118e-01
475.5 1.0073e-01 
476.5 1.0073e-01
476.5 1.2868e-01 
477.5 1.2868e-01
477.5 1.5316e-01 
478.5 1.5316e-01
478.5 1.2852e-01 
479.5 1.2852e-01
479.5 1.1860e-01 
480.5 1.1860e-01
480.5 1.0467e-01 
481.5 1.0467e-01
481.5 1.2015e-01 
482.5 1.2015e-01
482.5 1.4618e-01 
483.5 1.4618e-01
483.5 1.4243e-01 
484.5 1.4243e-01
484.5 1.4637e-01 
485.5 1.4637e-01
485.5 1.8578e-01 
486.5 1.8578e-01
486.5 1.8712e-01 
487.5 1.8712e-01
487.5 1.5272e-01 
488.5 1.5272e-01
488.5 1.3704e-01 
489.5 1.3704e-01
489.5 1.2136e-01 
490.5 1.2136e-01
490.5 1.2197e-01 
491.5 1.2197e-01
491.5 1.1663e-01 
492.5 1.1663e-01
492.5 8.3120e-02 
493.5 8.3120e-02
493.5 7.9505e-02 
494.5 7.9505e-02
494.5 7.8489e-02 
495.5 7.8489e-02
495.5 9.8032e-02 
496.5 9.8032e-02
496.5 1.1434e-01 
497.5 1.1434e-01
497.5 1.1125e-01 
498.5 1.1125e-01
498.5 9.4786e-02 
499.5 9.4786e-02
499.5 7.2118e-02 
500.5 7.2118e-02
500.5 4.9785e-02 
501.5 4.9785e-02
501.5 1.5916e-02 
502.5 1.5916e-02
502.5 3.5870e-02 
503.5 3.5870e-02
503.5 3.4082e-02 
504.5 3.4082e-02
504.5 3.3915e-02 
505.5 3.3915e-02
505.5 1.2188e-02 
506.5 1.2188e-02
506.5 1.9801e-02 
507.5 1.9801e-02
507.5 4.6444e-02 
508.5 4.6444e-02
508.5 6.4311e-02 
509.5 6.4311e-02
509.5 7.0108e-02 
510.5 7.0108e-02
510.5 1.0403e-01 
511.5 1.0403e-01
511.5 1.2675e-01 
512.5 1.2675e-01
512.5 1.1400e-01 
513.5 1.1400e-01
513.5 6.2304e-02 
514.5 6.2304e-02
514.5 5.1921e-03 
515.5 5.1921e-03
515.5 3.2925e-02 
516.5 3.2925e-02
516.5 -4.3989e-03 
517.5 -4.3989e-03
517.5 -2.5063e-02 
518.5 -2.5063e-02
518.5 -9.4688e-03 
519.5 -9.4688e-03
519.5 -3.2773e-02 
520.5 -3.2773e-02
520.5 -5.9604e-02 
521.5 -5.9604e-02
521.5 -1.0675e-01 
522.5 -1.0675e-01
522.5 -9.1414e-02 
523.5 -9.1414e-02
523.5 -9.4196e-02 
524.5 -9.4196e-02
524.5 -9.1191e-02 
525.5 -9.1191e-02
525.5 -6.7262e-02 
526.5 -6.7262e-02
526.5 -4.3934e-02 
527.5 -4.3934e-02
527.5 -2.4556e-02 
528.5 -2.4556e-02
528.5 -4.2164e-03 
529.5 -4.2164e-03
529.5 2.8738e-02 
530.5 2.8738e-02
530.5 1.5087e-02 
531.5 1.5087e-02
531.5 8.4765e-03 
532.5 8.4765e-03
532.5 -2.6762e-03 
533.5 -2.6762e-03
533.5 1.5503e-03 
534.5 1.5503e-03
534.5 -1.2183e-02 
535.5 -1.2183e-02
535.5 -2.5000e-02 
536.5 -2.5000e-02
536.5 -2.8896e-02 
537.5 -2.8896e-02
537.5 -3.3641e-02 
538.5 -3.3641e-02
538.5 -6.4692e-02 
539.5 -6.4692e-02
539.5 -7.9395e-02 
540.5 -7.9395e-02
540.5 -2.6127e-02 
541.5 -2.6127e-02
541.5 -1.8360e-02 
542.5 -1.8360e-02
542.5 3.2084e-03 
543.5 3.2084e-03
543.5 4.3690e-02 
544.5 4.3690e-02
544.5 9.2418e-02 
545.5 9.2418e-02
545.5 1.2348e-01 
546.5 1.2348e-01
546.5 1.4135e-01 
547.5 1.4135e-01
547.5 1.9935e-01 
548.5 1.9935e-01
548.5 1.7922e-01 
549.5 1.7922e-01
549.5 1.9277e-01 
550.5 1.9277e-01
550.5 2.0657e-01 
551.5 2.0657e-01
551.5 2.1917e-01 
552.5 2.1917e-01
552.5 2.0123e-01 
553.5 2.0123e-01
553.5 1.7187e-01 
554.5 1.7187e-01
554.5 1.2123e-01 
555.5 1.2123e-01
555.5 7.0681e-02 
556.5 7.0681e-02
556.5 6.6813e-02 
557.5 6.6813e-02
557.5 5.8551e-02 
558.5 5.8551e-02
558.5 6.6118e-02 
559.5 6.6118e-02
559.5 4.1498e-02 
560.5 4.1498e-02
560.5 5.7357e-02 
561.5 5.7357e-02
561.5 6.0423e-02 
562.5 6.0423e-02
562.5 8.7756e-02 
563.5 8.7756e-02
563.5 7.6363e-02 
564.5 7.6363e-02
564.5 2.5727e-02 
565.5 2.5727e-02
565.5 2.8660e-02 
566.5 2.8660e-02
566.5 4.1674e-03 
567.5 4.1674e-03
567.5 1.8094e-02 
568.5 1.8094e-02
568.5 2.1037e-02 
569.5 2.1037e-02
569.5 5.0751e-02 
570.5 5.0751e-02
570.5 2.5289e-02 
571.5 2.5289e-02
571.5 4.3769e-02 
572.5 4.3769e-02
572.5 5.1491e-02 
573.5 5.1491e-02
573.5 5.9585e-02 
574.5 5.9585e-02
574.5 1.1427e-01 
575.5 1.1427e-01
575.5 1.0580e-01 
576.5 1.0580e-01
576.5 1.0240e-01 
577.5 1.0240e-01
577.5 9.5993e-02 
578.5 9.5993e-02
578.5 8.7617e-02 
579.5 8.7617e-02
579.5 4.6113e-02 
580.5 4.6113e-02
580.5 2.8164e-02 
581.5 2.8164e-02
581.5 1.0031e-02 
582.5 1.0031e-02
582.5 -2.6734e-02 
583.5 -2.6734e-02
583.5 -3.0169e-02 
584.5 -3.0169e-02
584.5 -3.2486e-03 
585.5 -3.2486e-03
585.5 -1.4898e-02 
586.5 -1.4898e-02
586.5 3.5288e-02 
587.5 3.5288e-02
587.5 3.9254e-02 
588.5 3.9254e-02
588.5 4.9929e-02 
589.5 4.9929e-02
589.5 8.1206e-02 
590.5 8.1206e-02
590.5 7.9694e-02 
591.5 7.9694e-02
591.5 1.0729e-01 
592.5 1.0729e-01
592.5 1.5309e-01 
593.5 1.5309e-01
593.5 1.7651e-01 
594.5 1.7651e-01
594.5 2.0187e-01 
595.5 2.0187e-01
595.5 2.0953e-01 
596.5 2.0953e-01
596.5 2.1635e-01 
597.5 2.1635e-01
597.5 2.5423e-01 
598.5 2.5423e-01
598.5 2.5567e-01 
599.5 2.5567e-01
599.5 2.7024e-01 
600.5 2.7024e-01
600.5 2.8451e-01 
601.5 2.8451e-01
601.5 2.8003e-01 
602.5 2.8003e-01
602.5 2.7029e-01 
603.5 2.7029e-01
603.5 2.3131e-01 
604.5 2.3131e-01
604.5 1.9898e-01 
605.5 1.9898e-01
605.5 1.5745e-01 
606.5 1.5745e-01
606.5 1.2786e-01 
607.5 1.2786e-01
607.5 7.7652e-02 
608.5 7.7652e-02
608.5 4.3596e-02 
609.5 4.3596e-02
609.5 2.8212e-02 
610.5 2.8212e-02
610.5 2.3872e-02 
611.5 2.3872e-02
611.5 3.9386e-02 
612.5 3.9386e-02
612.5 5.9508e-03 
613.5 5.9508e-03
613.5 -2.7259e-02 
614.5 -2.7259e-02
614.5 7.5962e-03 
615.5 7.5962e-03
615.5 1.4803e-02 
616.5 1.4803e-02
616.5 4.5929e-02 
617.5 4.5929e-02
617.5 3.3226e-02 
618.5 3.3226e-02
618.5 1.1314e-02 
619.5 1.1314e-02
619.5 -8.8190e-03 
620.5 -8.8190e-03
620.5 -4.6071e-02 
621.5 -4.6071e-02
621.5 -2.2058e-02 
622.5 -2.2058e-02
622.5 -3.6501e-02 
623.5 -3.6501e-02
623.5 -7.1901e-02 
624.5 -7.1901e-02
624.5 -1.0931e-01 
625.5 -1.0931e-01
625.5 -8.3000e-02 
626.5 -8.3000e-02
626.5 -3.9466e-02 
627.5 -3.9466e-02
627.5 -3.1397e-03 
628.5 -3.1397e-03
628.5 3.9689e-02 
629.5 3.9689e-02
629.5 4.5433e-02 
630.5 4.5433e-02
630.5 1.3811e-01 
631.5 1.3811e-01
631.5 1.6270e-01 
632.5 1.6270e-01
632.5 1.4419e-01 
633.5 1.4419e-01
633.5 1.1580e-01 
634.5 1.1580e-01
634.5 8.7877e-02 
635.5 8.7877e-02
635.5 9.5969e-02 
636.5 9.5969e-02
636.5 1.1493e-01 
637.5 1.1493e-01
637.5 1.4488e-01 
638.5 1.4488e-01
638.5 1.4892e-01 
639.5 1.4892e-01
639.5 1.5347e-01 
640.5 1.5347e-01
640.5 1.3079e-01 
641.5 1.3079e-01
641.5 1.4310e-01 
642.5 1.4310e-01
642.5 1.3697e-01 
643.5 1.3697e-01
643.5 1.3378e-01 
644.5 1.3378e-01
644.5 1.7477e-01 
645.5 1.7477e-01
645.5 1.7290e-01 
646.5 1.7290e-01
646.5 1.8154e-01 
647.5 1.8154e-01
647.5 1.7355e-01 
648.5 1.7355e-01
648.5 1.7543e-01 
649.5 1.7543e-01
649.5 1.6268e-01 
650.5 1.6268e-01
650.5 1.4227e-01 
651.5 1.4227e-01
651.5 8.3190e-02 
652.5 8.3190e-02
652.5 3.4100e-02 
653.5 3.4100e-02
653.5 -1.9198e-02 
654.5 -1.9198e-02
654.5 -1.0760e-01 
655.5 -1.0760e-01
655.5 -1.0731e-01 
656.5 -1.0731e-01
656.5 -1.3075e-01 
657.5 -1.3075e-01
657.5 -1.3434e-01 
658.5 -1.3434e-01
658.5 -1.3394e-01 
659.5 -1.3394e-01
659.5 -1.4896e-01 
660.5 -1.4896e-01
660.5 -1.2645e-01 
661.5 -1.2645e-01
661.5 -8.5561e-02 
662.5 -8.5561e-02
662.5 -5.2140e-02 
663.5 -5.2140e-02
663.5 -4.8563e-02 
664.5 -4.8563e-02
664.5 -8.9333e-02 
665.5 -8.9333e-02
665.5 -1.4385e-01 
666.5 -1.4385e-01
666.5 -1.7481e-01 
667.5 -1.7481e-01
667.5 -1.9344e-01 
668.5 -1.9344e-01
668.5 -1.3856e-01 
669.5 -1.3856e-01
669.5 -1.4900e-01 
670.5 -1.4900e-01
670.5 -9.7977e-02 
671.5 -9.7977e-02
671.5 -2.9146e-02 
672.5 -2.9146e-02
672.5 -2.9366e-02 
673.5 -2.9366e-02
673.5 -1.2456e-02 
674.5 -1.2456e-02
674.5 -1.2259e-02 
675.5 -1.2259e-02
675.5 5.2873e-02 
676.5 5.2873e-02
676.5 4.1303e-02 
677.5 4.1303e-02
677.5 4.3260e-02 
678.5 4.3260e-02
678.5 1.9264e-02 
679.5 1.9264e-02
679.5 6.5834e-02 
680.5 6.5834e-02
680.5 7.7917e-02 
681.5 7.7917e-02
681.5 6.8687e-02 
682.5 6.8687e-02
682.5 6.2796e-02 
683.5 6.2796e-02
683.5 4.0876e-02 
684.5 4.0876e-02
684.5 1.0284e-01 
685.5 1.0284e-01
685.5 1.0466e-01 
686.5 1.0466e-01
686.5 1.2636e-01 
687.5 1.2636e-01
687.5 1.3308e-01 
688.5 1.3308e-01
688.5 1.3617e-01 
689.5 1.3617e-01
689.5 1.4635e-01 
690.5 1.4635e-01
690.5 1.2668e-01 
691.5 1.2668e-01
691.5 1.2771e-01 
692.5 1.2771e-01
692.5 1.2547e-01 
693.5 1.2547e-01
693.5 1.3393e-01 
694.5 1.3393e-01
694.5 1.0647e-01 
695.5 1.0647e-01
695.5 5.6556e-02 
696.5 5.6556e-02
696.5 4.1358e-02 
697.5 4.1358e-02
697.5 2.2588e-02 
698.5 2.2588e-02
698.5 -1.3157e-01 
699.5 -1.3157e-01
699.5 -1.8853e-01 
700.5 -1.8853e-01
700.5 -2.2581e-01 
701.5 -2.2581e-01
701.5 -2.1881e-01 
702.5 -2.1881e-01
702.5 -1.8972e-01 
703.5 -1.8972e-01
703.5 -1.8025e-01 
704.5 -1.8025e-01
704.5 -1.8409e-01 
705.5 -1.8409e-01
705.5 -2.0066e-01 
706.5 -2.0066e-01
706.5 -1.7263e-01 
707.5 -1.7263e-01
707.5 -1.5074e-01 
708.5 -1.5074e-01
708.5 -1.8605e-01 
709.5 -1.8605e-01
709.5 -2.1342e-01 
710.5 -2.1342e-01
710.5 -2.3180e-01 
711.5 -2.3180e-01
711.5 -2.4365e-01 
712.5 -2.4365e-01
712.5 -2.4071e-01 
713.5 -2.4071e-01
713.5 -2.4449e-01 
714.5 -2.4449e-01
714.5 -2.2150e-01 
715.5 -2.2150e-01
715.5 -1.6598e-01 
716.5 -1.6598e-01
716.5 -1.0437e-01 
717.5 -1.0437e-01
717.5 -2.7613e-02 
718.5 -2.7613e-02
718.5 -3.4334e-03 
719.5 -3.4334e-03
719.5 -6.6943e-02 
720.5 -6.6943e-02
720.5 -1.0513e-01 
721.5 -1.0513e-01
721.5 -1.2001e-01 
722.5 -1.2001e-01
722.5 -1.6900e-01 
723.5 -1.6900e-01
723.5 -1.5507e-01 
724.5 -1.5507e-01
724.5 -1.8854e-01 
725.5 -1.8854e-01
725.5 -1.7069e-01 
726.5 -1.7069e-01
726.5 -1.1498e-01 
727.5 -1.1498e-01
727.5 -1.0364e-01 
728.5 -1.0364e-01
728.5 -5.8062e-02 
729.5 -5.8062e-02
729.5 7.2760e-03 
730.5 7.2760e-03
730.5 3.3742e-02 
731.5 3.3742e-02
731.5 4.9029e-03 
732.5 4.9029e-03
732.5 -4.0557e-02 
733.5 -4.0557e-02
733.5 -4.4932e-02 
734.5 -4.4932e-02
734.5 -8.3680e-02 
735.5 -8.3680e-02
735.5 -1.3470e-01 
736.5 -1.3470e-01
736.5 -1.0428e-01 
737.5 -1.0428e-01
737.5 -1.0242e-01 
738.5 -1.0242e-01
738.5 -1.4277e-01 
739.5 -1.4277e-01
739.5 -1.3746e-01 
740.5 -1.3746e-01
740.5 -1.1007e-01 
741.5 -1.1007e-01
741.5 -1.3441e-01 
742.5 -1.3441e-01
742.5 -1.4812e-01 
743.5 -1.4812e-01
743.5 -1.7132e-01 
744.5 -1.7132e-01
744.5 -1.9777e-01 
745.5 -1.9777e-01
745.5 -1.6618e-01 
746.5 -1.6618e-01
746.5 -1.6901e-01 
747.5 -1.6901e-01
747.5 -1.5423e-01 
748.5 -1.5423e-01
748.5 -9.9102e-02 
749.5 -9.9102e-02
749.5 -5.6992e-02 
750.5 -5.6992e-02
750.5 -9.3122e-02 
751.5 -9.3122e-02
751.5 -1.0655e-01 
752.5 -1.0655e-01
752.5 -6.9766e-02 
753.5 -6.9766e-02
753.5 -3.8900e-02 
754.5 -3.8900e-02
754.5 2.2027e-02 
755.5 2.2027e-02
755.5 3.6557e-02 
756.5 3.6557e-02
756.5 1.9882e-02 
757.5 1.9882e-02
757.5 1.5872e-02 
758.5 1.5872e-02
758.5 6.5542e-02 
759.5 6.5542e-02
759.5 5.8928e-02 
760.5 5.8928e-02
760.5 5.0515e-02 
761.5 5.0515e-02
761.5 6.4688e-02 
762.5 6.4688e-02
762.5 8.2683e-02 
763.5 8.2683e-02
763.5 8.1041e-02 
764.5 8.1041e-02
764.5 5.1879e-02 
765.5 5.1879e-02
765.5 7.7067e-02 
766.5 7.7067e-02
766.5 5.7345e-02 
767.5 5.7345e-02
767.5 4.3626e-02 
768.5 4.3626e-02
768.5 2.4094e-02 
769.5 2.4094e-02
769.5 1.0658e-02 
770.5 1.0658e-02
770.5 7.4851e-02 
771.5 7.4851e-02
771.5 1.2423e-01 
772.5 1.2423e-01
772.5 1.0614e-01 
773.5 1.0614e-01
773.5 1.3968e-01 
774.5 1.3968e-01
774.5 1.7091e-01 
775.5 1.7091e-01
775.5 1.7620e-01 
776.5 1.7620e-01
776.5 1.7578e-01 
777.5 1.7578e-01
777.5 1.4603e-01 
778.5 1.4603e-01
778.5 1.0055e-01 
779.5 1.0055e-01
779.5 5.0838e-02 
780.5 5.0838e-02
780.5 6.9218e-03 
781.5 6.9218e-03
781.5 1.5513e-02 
782.5 1.5513e-02
782.5 -1.5627e-02 
783.5 -1.5627e-02
783.5 -1.0252e-01 
784.5 -1.0252e-01
784.5 -1.8383e-01 
785.5 -1.8383e-01
785.5 -2.3463e-01 
786.5 -2.3463e-01
786.5 -2.0512e-01 
787.5 -2.0512e-01
787.5 -2.1260e-01 
788.5 -2.1260e-01
788.5 -2.2725e-01 
789.5 -2.2725e-01
789.5 -1.8054e-01 
790.5 -1.8054e-01
790.5 -1.5466e-01 
791.5 -1.5466e-01
791.5 -1.9891e-01 
792.5 -1.9891e-01
792.5 -1.7508e-01 
793.5 -1.7508e-01
793.5 -2.1688e-01 
794.5 -2.1688e-01
794.5 -2.1145e-01 
795.5 -2.1145e-01
795.5 -2.2183e-01 
796.5 -2.2183e-01
796.5 -2.5108e-01 
797.5 -2.5108e-01
797.5 -2.2994e-01 
798.5 -2.2994e-01
798.5 -2.4230e-01 
799.5 -2.4230e-01
799.5 -2.0976e-01 
800.5 -2.0976e-01
800.5 -2.3122e-01 
801.5 -2.3122e-01
801.5 -2.1373e-01 
802.5 -2.1373e-01
802.5 -1.5331e-01 
803.5 -1.5331e-01
803.5 -2.9274e-02 
804.5 -2.9274e-02
804.5 -7.7681e-03 
805.5 -7.7681e-03
805.5 -4.8020e-02 
806.5 -4.8020e-02
806.5 -3.5779e-02 
807.5 -3.5779e-02
807.5 -1.8732e-02 
808.5 -1.8732e-02
808.5 -5.2133e-03 
809.5 -5.2133e-03
809.5 -5.8830e-02 
810.5 -5.8830e-02
810.5 -6.4674e-02 
811.5 -6.4674e-02
811.5 -8.5872e-02 
812.5 -8.5872e-02
812.5 -5.3979e-02 
813.5 -5.3979e-02
813.5 1.6247e-04 
814.5 1.6247e-04
814.5 1.8990e-02 
815.5 1.8990e-02
815.5 -1.4170e-02 
816.5 -1.4170e-02
816.5 -2.2403e-03 
817.5 -2.2403e-03
817.5 1.2134e-02 
818.5 1.2134e-02
818.5 2.7425e-02 
819.5 2.7425e-02
819.5 2.6255e-02 
820.5 2.6255e-02
820.5 1.2352e-02 
821.5 1.2352e-02
821.5 5.5044e-02 
822.5 5.5044e-02
822.5 3.0327e-02 
823.5 3.0327e-02
823.5 -7.0303e-04 
824.5 -7.0303e-04
824.5 -5.0793e-02 
825.5 -5.0793e-02
825.5 -6.7207e-02 
826.5 -6.7207e-02
826.5 -7.5224e-02 
827.5 -7.5224e-02
827.5 -1.2107e-01 
828.5 -1.2107e-01
828.5 -1.3339e-01 
829.5 -1.3339e-01
829.5 -1.4979e-01 
830.5 -1.4979e-01
830.5 -1.2129e-01 
831.5 -1.2129e-01
831.5 -8.7479e-02 
832.5 -8.7479e-02
832.5 -8.6578e-02 
833.5 -8.6578e-02
833.5 -1.0809e-01 
834.5 -1.0809e-01
834.5 -8.0828e-02 
835.5 -8.0828e-02
835.5 -2.8394e-02 
836.5 -2.8394e-02
836.5 -1.4799e-02 
837.5 -1.4799e-02
837.5 -3.6510e-02 
838.5 -3.6510e-02
838.5 -1.4040e-03 
839.5 -1.4040e-03
839.5 4.7284e-03 
840.5 4.7284e-03
840.5 -4.8082e-02 
841.5 -4.8082e-02
841.5 -7.5710e-02 
842.5 -7.5710e-02
842.5 -4.8132e-02 
843.5 -4.8132e-02
843.5 -2.0216e-02 
844.5 -2.0216e-02
844.5 1.7842e-02 
845.5 1.7842e-02
845.5 1.1927e-02 
846.5 1.1927e-02
846.5 3.1509e-02 
847.5 3.1509e-02
847.5 1.2662e-02 
848.5 1.2662e-02
848.5 4.5310e-02 
849.5 4.5310e-02
849.5 8.5218e-02 
850.5 8.5218e-02
850.5 7.5150e-02 
851.5 7.5150e-02
851.5 7.8009e-02 
852.5 7.8009e-02
852.5 2.5410e-02 
853.5 2.5410e-02
853.5 1.3123e-02 
854.5 1.3123e-02
854.5 4.2654e-03 
855.5 4.2654e-03
855.5 6.0302e-02 
856.5 6.0302e-02
856.5 1.1833e-01 
857.5 1.1833e-01
857.5 8.4147e-02 
858.5 8.4147e-02
858.5 3.9061e-02 
859.5 3.9061e-02
859.5 -5.2124e-03 
860.5 -5.2124e-03
860.5 1.4620e-02 
861.5 1.4620e-02
861.5 4.1758e-02 
862.5 4.1758e-02
862.5 4.7199e-02 
863.5 4.7199e-02
863.5 2.5669e-03 
864.5 2.5669e-03
864.5 -4.7214e-02 
865.5 -4.7214e-02
865.5 -4.9234e-02 
866.5 -4.9234e-02
866.5 -5.3426e-04 
867.5 -5.3426e-04
867.5 4.9840e-02 
868.5 4.9840e-02
868.5 -8.7919e-03 
869.5 -8.7919e-03
869.5 -7.3895e-02 
870.5 -7.3895e-02
870.5 -1.3069e-01 
871.5 -1.3069e-01
871.5 -1.3279e-01 
872.5 -1.3279e-01
872.5 -1.3868e-01 
873.5 -1.3868e-01
873.5 -1.9420e-01 
874.5 -1.9420e-01
874.5 -2.2766e-01 
875.5 -2.2766e-01
875.5 -3.1066e-01 
876.5 -3.1066e-01
876.5 -3.1288e-01 
877.5 -3.1288e-01
877.5 -2.8405e-01 
878.5 -2.8405e-01
878.5 -3.4309e-01 
879.5 -3.4309e-01
879.5 -3.2161e-01 
880.5 -3.2161e-01
880.5 -3.8789e-01 
881.5 -3.8789e-01
881.5 -4.1539e-01 
882.5 -4.1539e-01
882.5 -4.3752e-01 
883.5 -4.3752e-01
883.5 -4.1522e-01 
884.5 -4.1522e-01
884.5 -4.2071e-01 
885.5 -4.2071e-01
885.5 -4.2926e-01 
886.5 -4.2926e-01
886.5 -4.1851e-01 
887.5 -4.1851e-01
887.5 -4.0141e-01 
888.5 -4.0141e-01
888.5 -2.9859e-01 
889.5 -2.9859e-01
889.5 -2.0967e-01 
890.5 -2.0967e-01
890.5 -1.3949e-01 
891.5 -1.3949e-01
891.5 -1.3782e-01 
892.5 -1.3782e-01
892.5 -1.6642e-01 
893.5 -1.6642e-01
893.5 -1.9038e-01 
894.5 -1.9038e-01
894.5 -1.7046e-01 
895.5 -1.7046e-01
895.5 -8.6954e-02 
896.5 -8.6954e-02
896.5 -6.8146e-02 
897.5 -6.8146e-02
897.5 -6.7863e-02 
898.5 -6.7863e-02
898.5 -1.0380e-02 
899.5 -1.0380e-02
899.5 2.7826e-02 
900.5 2.7826e-02
900.5 6.3114e-02 
901.5 6.3114e-02
901.5 1.2085e-01 
902.5 1.2085e-01
902.5 1.5768e-01 
903.5 1.5768e-01
903.5 1.4764e-01 
904.5 1.4764e-01
904.5 1.8494e-01 
905.5 1.8494e-01
905.5 1.6309e-01 
906.5 1.6309e-01
906.5 1.0546e-01 
907.5 1.0546e-01
907.5 1.4869e-01 
908.5 1.4869e-01
908.5 1.6301e-01 
909.5 1.6301e-01
909.5 1.9681e-01 
910.5 1.9681e-01
910.5 1.1802e-01 
911.5 1.1802e-01
911.5 1.2695e-01 
912.5 1.2695e-01
912.5 1.8241e-01 
913.5 1.8241e-01
913.5 1.3202e-01 
914.5 1.3202e-01
914.5 1.9878e-01 
915.5 1.9878e-01
915.5 2.0810e-01 
916.5 2.0810e-01
916.5 2.9750e-01 
917.5 2.9750e-01
917.5 2.8129e-01 
918.5 2.8129e-01
918.5 2.6919e-01 
919.5 2.6919e-01
919.5 3.3834e-01 
920.5 3.3834e-01
920.5 3.2124e-01 
921.5 3.2124e-01
921.5 3.4381e-01 
922.5 3.4381e-01
922.5 3.1828e-01 
923.5 3.1828e-01
923.5 3.4436e-01 
924.5 3.4436e-01
924.5 3.1359e-01 
925.5 3.1359e-01
925.5 2.6411e-01 
926.5 2.6411e-01
926.5 2.1241e-01 
927.5 2.1241e-01
927.5 1.9344e-01 
928.5 1.9344e-01
928.5 1.5970e-01 
929.5 1.5970e-01
929.5 1.2855e-01 
930.5 1.2855e-01
930.5 1.1150e-01 
931.5 1.1150e-01
931.5 9.4589e-02 
932.5 9.4589e-02
932.5 8.7145e-02 
933.5 8.7145e-02
933.5 4.4658e-02 
934.5 4.4658e-02
934.5 3.5474e-02 
935.5 3.5474e-02
935.5 7.5915e-02 
936.5 7.5915e-02
936.5 5.1403e-02 
937.5 5.1403e-02
937.5 9.2235e-02 
938.5 9.2235e-02
938.5 1.2052e-01 
939.5 1.2052e-01
939.5 8.3162e-03 
940.5 8.3162e-03
940.5 6.3187e-02 
941.5 6.3187e-02
941.5 -4.1753e-02 
942.5 -4.1753e-02
942.5 -3.8164e-03 
943.5 -3.8164e-03
943.5 -2.0857e-02 
944.5 -2.0857e-02
944.5 5.1431e-03 
945.5 5.1431e-03
945.5 1.0924e-01 
946.5 1.0924e-01
946.5 6.4029e-02 
947.5 6.4029e-02
947.5 1.8308e-01 
948.5 1.8308e-01
948.5 1.3076e-01 
949.5 1.3076e-01
949.5 1.4559e-01 
950.5 1.4559e-01
950.5 4.1440e-02 
951.5 4.1440e-02
951.5 -9.7144e-03 
952.5 -9.7144e-03
952.5 1.4231e-02 
953.5 1.4231e-02
953.5 -3.0110e-02 
954.5 -3.0110e-02
954.5 -6.3868e-02 
955.5 -6.3868e-02
955.5 -2.1085e-01 
956.5 -2.1085e-01
956.5 -1.9205e-01 
957.5 -1.9205e-01
957.5 -1.9729e-01 
958.5 -1.9729e-01
958.5 -2.5405e-01 
959.5 -2.5405e-01
959.5 -3.6014e-01 
960.5 -3.6014e-01
960.5 -3.9074e-01 
961.5 -3.9074e-01
961.5 -4.0241e-01 
962.5 -4.0241e-01
962.5 -3.1341e-01 
963.5 -3.1341e-01
963.5 -1.3958e-01 
964.5 -1.3958e-01
964.5 -9.7846e-02 
965.5 -9.7846e-02
965.5 -9.5430e-02 
966.5 -9.5430e-02
966.5 -7.2561e-02 
967.5 -7.2561e-02
967.5 7.5980e-02 
968.5 7.5980e-02
968.5 2.3047e-01 
969.5 2.3047e-01
969.5 2.4544e-01 
970.5 2.4544e-01
970.5 3.1708e-01 
971.5 3.1708e-01
971.5 3.4233e-01 
972.5 3.4233e-01
972.5 4.8443e-01 
973.5 4.8443e-01
973.5 6.9693e-01 
974.5 6.9693e-01
974.5 8.3098e-01 
975.5 8.3098e-01
975.5 9.7284e-01 
976.5 9.7284e-01
976.5 9.4857e-01 
977.5 9.4857e-01
977.5 1.0635e+00 
978.5 1.0635e+00
978.5 1.1050e+00 
979.5 1.1050e+00
979.5 1.2844e+00 
980.5 1.2844e+00
980.5 1.3883e+00 
981.5 1.3883e+00
981.5 1.3855e+00 
982.5 1.3855e+00
982.5 1.2714e+00 
983.5 1.2714e+00
983.5 1.1425e+00 
984.5 1.1425e+00
984.5 1.2998e+00 
985.5 1.2998e+00
985.5 1.2386e+00 
986.5 1.2386e+00
986.5 1.0901e+00 
987.5 1.0901e+00
987.5 8.7064e-01 
988.5 8.7064e-01
988.5 8.8660e-01 
989.5 8.8660e-01
989.5 1.0430e+00 
990.5 1.0430e+00
990.5 1.0496e+00 
991.5 1.0496e+00
991.5 9.8180e-01 
992.5 9.8180e-01
992.5 8.4980e-01 
993.5 8.4980e-01
993.5 6.6779e-01 
994.5 6.6779e-01
994.5 4.5776e-01 
995.5 4.5776e-01
995.5 5.2441e-01 
996.5 5.2441e-01
996.5 7.7338e-01 
997.5 7.7338e-01
997.5 1.0890e+00 
998.5 1.0890e+00
998.5 1.0220e+00 
999.5 1.0220e+00
