-0.5 1.0000e+00 
0.5 1.0000e+00
0.5 6.2665e-01 
1.5 6.2665e-01
1.5 4.7367e-01 
2.5 4.7367e-01
2.5 3.8307e-01 
3.5 3.8307e-01
3.5 2.9526e-01 
4.5 2.9526e-01
4.5 2.4749e-01 
5.5 2.4749e-01
5.5 2.0481e-01 
6.5 2.0481e-01
6.5 1.6516e-01 
7.5 1.6516e-01
7.5 1.5025e-01 
8.5 1.5025e-01
8.5 8.1110e-02 
9.5 8.1110e-02
9.5 4.9695e-02 
10.5 4.9695e-02
10.5 4.2315e-02 
11.5 4.2315e-02
11.5 4.9298e-02 
12.5 4.9298e-02
12.5 2.6875e-02 
13.5 2.6875e-02
13.5 8.0106e-03 
14.5 8.0106e-03
14.5 2.1892e-03 
15.5 2.1892e-03
15.5 -9.9964e-03 
16.5 -9.9964e-03
16.5 -2.2538e-02 
17.5 -2.2538e-02
17.5 -1.4221e-02 
18.5 -1.4221e-02
18.5 7.3238e-03 
19.5 7.3238e-03
19.5 4.0735e-02 
20.5 4.0735e-02
20.5 2.2516e-02 
21.5 2.2516e-02
21.5 7.6000e-03 
22.5 7.6000e-03
22.5 9.8356e-03 
23.5 9.8356e-03
23.5 -8.3523e-04 
24.5 -8.3523e-04
24.5 -1.7398e-03 
25.5 -1.7398e-03
25.5 2.9086e-02 
26.5 2.9086e-02
26.5 4.4319e-02 
27.5 4.4319e-02
27.5 2.8519e-02 
28.5 2.8519e-02
28.5 3.8462e-02 
29.5 3.8462e-02
29.5 4.0590e-02 
30.5 4.0590e-02
30.5 5.1970e-02 
31.5 5.1970e-02
31.5 4.9234e-02 
32.5 4.9234e-02
32.5 2.5346e-02 
33.5 2.5346e-02
33.5 1.6542e-02 
34.5 1.6542e-02
34.5 -2.2139e-02 
35.5 -2.2139e-02
35.5 -7.9869e-03 
36.5 -7.9869e-03
36.5 1.5844e-02 
37.5 1.5844e-02
37.5 2.1598e-02 
38.5 2.1598e-02
38.5 3.5813e-02 
39.5 3.5813e-02
39.5 4.1292e-03 
40.5 4.1292e-03
40.5 4.2397e-03 
41.5 4.2397e-03
41.5 -1.1737e-02 
42.5 -1.1737e-02
42.5 -1.1342e-02 
43.5 -1.1342e-02
43.5 -3.4666e-02 
44.5 -3.4666e-02
44.5 -6.1650e-02 
45.5 -6.1650e-02
45.5 -7.3431e-02 
46.5 -7.3431e-02
46.5 -5.1499e-02 
47.5 -5.1499e-02
47.5 -5.6752e-02 
48.5 -5.6752e-02
48.5 -2.1413e-02 
49.5 -2.1413e-02
49.5 -3.8402e-02 
50.5 -3.8402e-02
50.5 -1.4748e-02 
51.5 -1.4748e-02
51.5 -4.1831e-02 
52.5 -4.1831e-02
52.5 -9.7033e-03 
53.5 -9.7033e-03
53.5 1.2745e-02 
54.5 1.2745e-02
54.5 8.6976e-03 
55.5 8.6976e-03
55.5 4.6144e-03 
56.5 4.6144e-03
56.5 1.9165e-02 
57.5 1.9165e-02
57.5 1.1856e-02 
58.5 1.1856e-02
58.5 1.0256e-02 
59.5 1.0256e-02
59.5 -3.9940e-03 
60.5 -3.9940e-03
60.5 -2.9393e-02 
61.5 -2.9393e-02
61.5 -3.1095e-02 
62.5 -3.1095e-02
62.5 -3.7663e-02 
63.5 -3.7663e-02
63.5 -3.9639e-02 
64.5 -3.9639e-02
64.5 -1.7810e-02 
65.5 -1.7810e-02
65.5 -1.5644e-02 
66.5 -1.5644e-02
66.5 -2.2642e-02 
67.5 -2.2642e-02
67.5 1.7217e-02 
68.5 1.7217e-02
68.5 1.6435e-02 
69.5 1.6435e-02
69.5 1.7720e-02 
70.5 1.7720e-02
70.5 -2.1666e-02 
71.5 -2.1666e-02
71.5 -1.2134e-02 
72.5 -1.2134e-02
72.5 -3.1518e-03 
73.5 -3.1518e-03
73.5 -7.4870e-03 
74.5 -7.4870e-03
74.5 -4.1746e-02 
75.5 -4.1746e-02
75.5 -6.5596e-02 
76.5 -6.5596e-02
76.5 -6.5377e-02 
77.5 -6.5377e-02
77.5 -7.3111e-02 
78.5 -7.3111e-02
78.5 -8.4942e-02 
79.5 -8.4942e-02
79.5 -7.0577e-02 
80.5 -7.0577e-02
80.5 -5.1850e-02 
81.5 -5.1850e-02
81.5 -3.6078e-02 
82.5 -3.6078e-02
82.5 -6.7873e-02 
83.5 -6.7873e-02
83.5 -7.3181e-02 
84.5 -7.3181e-02
84.5 -9.9118e-02 
85.5 -9.9118e-02
85.5 -1.0410e-01 
86.5 -1.0410e-01
86.5 -1.0018e-01 
87.5 -1.0018e-01
87.5 -6.5311e-02 
88.5 -6.5311e-02
88.5 -1.7194e-02 
89.5 -1.7194e-02
89.5 -2.3505e-02 
90.5 -2.3505e-02
90.5 -2.4621e-02 
91.5 -2.4621e-02
91.5 -3.6519e-02 
92.5 -3.6519e-02
92.5 -8.4868e-03 
93.5 -8.4868e-03
93.5 1.7270e-02 
94.5 1.7270e-02
94.5 1.8192e-02 
95.5 1.8192e-02
95.5 -1.3319e-02 
96.5 -1.3319e-02
96.5 -1.2704e-02 
97.5 -1.2704e-02
97.5 -3.2925e-02 
98.5 -3.2925e-02
98.5 -3.7943e-02 
99.5 -3.7943e-02
99.5 -2.9535e-02 
100.5 -2.9535e-02
100.5 -8.8684e-03 
101.5 -8.8684e-03
101.5 1.3933e-02 
102.5 1.3933e-02
102.5 1.0534e-02 
103.5 1.0534e-02
103.5 3.0548e-04 
104.5 3.0548e-04
104.5 2.3034e-02 
105.5 2.3034e-02
105.5 1.5592e-03 
106.5 1.5592e-03
106.5 -1.8792e-02 
107.5 -1.8792e-02
107.5 -5.4536e-02 
108.5 -5.4536e-02
108.5 -3.4432e-02 
109.5 -3.4432e-02
109.5 -3.6511e-02 
110.5 -3.6511e-02
110.5 -2.1162e-02 
111.5 -2.1162e-02
111.5 -3.3954e-02 
112.5 -3.3954e-02
112.5 -6.6011e-02 
113.5 -6.6011e-02
113.5 -7.8289e-02 
114.5 -7.8289e-02
114.5 -8.2035e-02 
115.5 -8.2035e-02
115.5 -9.2632e-02 
116.5 -9.2632e-02
116.5 -1.1763e-01 
117.5 -1.1763e-01
117.5 -1.3544e-01 
118.5 -1.3544e-01
118.5 -1.1452e-01 
119.5 -1.1452e-01
119.5 -1.1526e-01 
120.5 -1.1526e-01
120.5 -6.4537e-02 
121.5 -6.4537e-02
121.5 -6.7949e-02 
122.5 -6.7949e-02
122.5 -4.7554e-02 
123.5 -4.7554e-02
123.5 -4.8335e-02 
124.5 -4.8335e-02
124.5 -5.8896e-02 
125.5 -5.8896e-02
125.5 -5.6350e-02 
126.5 -5.6350e-02
126.5 -3.9535e-02 
127.5 -3.9535e-02
127.5 -4.3933e-02 
128.5 -4.3933e-02
128.5 -4.7302e-02 
129.5 -4.7302e-02
129.5 -1.9356e-02 
130.5 -1.9356e-02
130.5 -2.6819e-03 
131.5 -2.6819e-03
131.5 -1.1428e-03 
132.5 -1.1428e-03
132.5 -2.9633e-03 
133.5 -2.9633e-03
133.5 -7.1348e-03 
134.5 -7.1348e-03
134.5 -2.9260e-02 
135.5 -2.9260e-02
135.5 -6.8032e-03 
136.5 -6.8032e-03
136.5 -3.2466e-02 
137.5 -3.2466e-02
137.5 -5.6967e-02 
138.5 -5.6967e-02
138.5 -2.5591e-02 
139.5 -2.5591e-02
139.5 -4.0177e-02 
140.5 -4.0177e-02
140.5 -3.5754e-02 
141.5 -3.5754e-02
141.5 -2.5467e-03 
142.5 -2.5467e-03
142.5 1.0109e-02 
143.5 1.0109e-02
143.5 4.4036e-03 
144.5 4.4036e-03
144.5 -1.3969e-02 
145.5 -1.3969e-02
145.5 -2.9606e-02 
146.5 -2.9606e-02
146.5 -4.4822e-03 
147.5 -4.4822e-03
147.5 2.6484e-02 
148.5 2.6484e-02
148.5 1.0058e-03 
149.5 1.0058e-03
149.5 -2.0195e-03 
150.5 -2.0195e-03
150.5 2.1290e-03 
151.5 2.1290e-03
151.5 9.7145e-03 
152.5 9.7145e-03
152.5 2.2635e-02 
153.5 2.2635e-02
153.5 5.0395e-02 
154.5 5.0395e-02
154.5 1.4214e-02 
155.5 1.4214e-02
155.5 3.5053e-03 
156.5 3.5053e-03
156.5 -2.6847e-02 
157.5 -2.6847e-02
157.5 -2.5654e-02 
158.5 -2.5654e-02
158.5 -2.5372e-02 
159.5 -2.5372e-02
159.5 -9.7606e-03 
160.5 -9.7606e-03
160.5 -1.9324e-02 
161.5 -1.9324e-02
161.5 1.1247e-02 
162.5 1.1247e-02
162.5 1.3548e-02 
163.5 1.3548e-02
163.5 -4.6352e-03 
164.5 -4.6352e-03
164.5 -1.4289e-02 
165.5 -1.4289e-02
165.5 -3.7973e-02 
166.5 -3.7973e-02
166.5 -5.1487e-02 
167.5 -5.1487e-02
167.5 -5.1859e-02 
168.5 -5.1859e-02
168.5 -8.5539e-02 
169.5 -8.5539e-02
169.5 -8.9233e-02 
170.5 -8.9233e-02
170.5 -1.0166e-01 
171.5 -1.0166e-01
171.5 -9.8933e-02 
172.5 -9.8933e-02
172.5 -1.0936e-01 
173.5 -1.0936e-01
173.5 -8.4384e-02 
174.5 -8.4384e-02
174.5 -7.8674e-02 
175.5 -7.8674e-02
175.5 -7.8146e-02 
176.5 -7.8146e-02
176.5 -3.7485e-02 
177.5 -3.7485e-02
177.5 -5.1697e-02 
178.5 -5.1697e-02
178.5 -3.8146e-02 
179.5 -3.8146e-02
179.5 -5.7205e-05 
180.5 -5.7205e-05
180.5 2.2350e-02 
181.5 2.2350e-02
181.5 -6.8769e-03 
182.5 -6.8769e-03
182.5 2.4450e-02 
183.5 2.4450e-02
183.5 3.0574e-02 
184.5 3.0574e-02
184.5 6.1264e-02 
185.5 6.1264e-02
185.5 7.5371e-02 
186.5 7.5371e-02
186.5 8.9020e-02 
187.5 8.9020e-02
187.5 8.0705e-02 
188.5 8.0705e-02
188.5 7.4532e-02 
189.5 7.4532e-02
189.5 4.9049e-02 
190.5 4.9049e-02
190.5 3.1835e-02 
191.5 3.1835e-02
191.5 2.1398e-02 
192.5 2.1398e-02
192.5 2.0307e-02 
193.5 2.0307e-02
193.5 2.9299e-02 
194.5 2.9299e-02
194.5 5.4557e-02 
195.5 5.4557e-02
195.5 7.2436e-02 
196.5 7.2436e-02
196.5 4.6610e-02 
197.5 4.6610e-02
197.5 7.3471e-02 
198.5 7.3471e-02
198.5 7.3100e-02 
199.5 7.3100e-02
199.5 9.7483e-02 
200.5 9.7483e-02
200.5 1.2989e-01 
201.5 1.2989e-01
201.5 7.9292e-02 
202.5 7.9292e-02
202.5 9.7579e-02 
203.5 9.7579e-02
203.5 9.1205e-02 
204.5 9.1205e-02
204.5 5.5997e-02 
205.5 5.5997e-02
205.5 6.0893e-02 
206.5 6.0893e-02
206.5 7.0153e-02 
207.5 7.0153e-02
207.5 9.1883e-02 
208.5 9.1883e-02
208.5 1.0165e-01 
209.5 1.0165e-01
209.5 8.1318e-02 
210.5 8.1318e-02
210.5 1.1161e-01 
211.5 1.1161e-01
211.5 1.0206e-01 
212.5 1.0206e-01
212.5 1.2499e-01 
213.5 1.2499e-01
213.5 1.0731e-01 
214.5 1.0731e-01
214.5 1.2126e-01 
215.5 1.2126e-01
215.5 1.2377e-01 
216.5 1.2377e-01
216.5 1.3077e-01 
217.5 1.3077e-01
217.5 7.8952e-02 
218.5 7.8952e-02
218.5 3.2561e-02 
219.5 3.2561e-02
219.5 1.8288e-02 
220.5 1.8288e-02
220.5 3.5148e-02 
221.5 3.5148e-02
221.5 1.9115e-04 
222.5 1.9115e-04
222.5 -6.4874e-03 
223.5 -6.4874e-03
223.5 -2.8695e-02 
224.5 -2.8695e-02
224.5 -3.6665e-02 
225.5 -3.6665e-02
225.5 -3.7498e-02 
226.5 -3.7498e-02
226.5 -2.7740e-02 
227.5 -2.7740e-02
227.5 -8.5089e-04 
228.5 -8.5089e-04
228.5 4.4372e-03 
229.5 4.4372e-03
229.5 2.1010e-02 
230.5 2.1010e-02
230.5 1.9900e-02 
231.5 1.9900e-02
231.5 4.8928e-02 
232.5 4.8928e-02
232.5 4.4721e-02 
233.5 4.4721e-02
233.5 6.6131e-02 
234.5 6.6131e-02
234.5 8.4905e-02 
235.5 8.4905e-02
235.5 1.0679e-01 
236.5 1.0679e-01
236.5 1.2014e-01 
237.5 1.2014e-01
237.5 1.2930e-01 
238.5 1.2930e-01
238.5 9.2952e-02 
239.5 9.2952e-02
239.5 9.8797e-02 
240.5 9.8797e-02
240.5 6.3170e-02 
241.5 6.3170e-02
241.5 6.1552e-02 
242.5 6.1552e-02
242.5 5.2668e-02 
243.5 5.2668e-02
243.5 2.1647e-02 
244.5 2.1647e-02
244.5 3.7076e-02 
245.5 3.7076e-02
245.5 3.2757e-02 
246.5 3.2757e-02
246.5 2.6609e-02 
247.5 2.6609e-02
247.5 1.2546e-02 
248.5 1.2546e-02
248.5 9.3844e-03 
249.5 9.3844e-03
249.5 -4.3400e-02 
250.5 -4.3400e-02
250.5 -5.9735e-02 
251.5 -5.9735e-02
251.5 -8.0648e-02 
252.5 -8.0648e-02
252.5 -5.9274e-02 
253.5 -5.9274e-02
253.5 8.8439e-03 
254.5 8.8439e-03
254.5 4.9562e-02 
255.5 4.9562e-02
255.5 3.8423e-02 
256.5 3.8423e-02
256.5 5.2779e-02 
257.5 5.2779e-02
257.5 8.0692e-02 
258.5 8.0692e-02
258.5 4.3607e-02 
259.5 4.3607e-02
259.5 5.8232e-02 
260.5 5.8232e-02
260.5 3.1841e-02 
261.5 3.1841e-02
261.5 9.0055e-03 
262.5 9.0055e-03
262.5 -2.1002e-02 
263.5 -2.1002e-02
263.5 -1.1652e-02 
264.5 -1.1652e-02
264.5 4.2280e-02 
265.5 4.2280e-02
265.5 7.4728e-02 
266.5 7.4728e-02
266.5 5.6108e-02 
267.5 5.6108e-02
267.5 7.9653e-02 
268.5 7.9653e-02
268.5 6.2118e-02 
269.5 6.2118e-02
269.5 4.0224e-02 
270.5 4.0224e-02
270.5 2.8433e-02 
271.5 2.8433e-02
271.5 -1.9693e-03 
272.5 -1.9693e-03
272.5 -4.9865e-02 
273.5 -4.9865e-02
273.5 -7.2608e-02 
274.5 -7.2608e-02
274.5 -8.3533e-02 
275.5 -8.3533e-02
275.5 -7.7577e-02 
276.5 -7.7577e-02
276.5 -7.9183e-02 
277.5 -7.9183e-02
277.5 -7.2607e-02 
278.5 -7.2607e-02
278.5 -6.1119e-02 
279.5 -6.1119e-02
279.5 -6.8658e-02 
280.5 -6.8658e-02
280.5 -4.1860e-02 
281.5 -4.1860e-02
281.5 -4.7123e-02 
282.5 -4.7123e-02
282.5 -3.9367e-02 
283.5 -3.9367e-02
283.5 -4.2253e-02 
284.5 -4.2253e-02
284.5 -2.2943e-02 
285.5 -2.2943e-02
285.5 -2.5245e-02 
286.5 -2.5245e-02
286.5 4.9021e-03 
287.5 4.9021e-03
287.5 2.6919e-02 
288.5 2.6919e-02
288.5 5.6831e-02 
289.5 5.6831e-02
289.5 8.4059e-02 
290.5 8.4059e-02
290.5 9.6243e-02 
291.5 9.6243e-02
291.5 8.8829e-02 
292.5 8.8829e-02
292.5 6.7384e-02 
293.5 6.7384e-02
293.5 5.2734e-02 
294.5 5.2734e-02
294.5 7.0897e-02 
295.5 7.0897e-02
295.5 6.6891e-02 
296.5 6.6891e-02
296.5 1.1006e-01 
297.5 1.1006e-01
297.5 1.2520e-01 
298.5 1.2520e-01
298.5 1.1065e-01 
299.5 1.1065e-01
299.5 7.8781e-02 
300.5 7.8781e-02
300.5 6.3684e-02 
301.5 6.3684e-02
301.5 7.5776e-02 
302.5 7.5776e-02
302.5 8.0619e-02 
303.5 8.0619e-02
303.5 9.2925e-02 
304.5 9.2925e-02
304.5 1.0907e-01 
305.5 1.0907e-01
305.5 9.5590e-02 
306.5 9.5590e-02
306.5 5.9400e-02 
307.5 5.9400e-02
307.5 4.5669e-02 
308.5 4.5669e-02
308.5 3.7719e-02 
309.5 3.7719e-02
309.5 6.5063e-02 
310.5 6.5063e-02
310.5 7.1184e-02 
311.5 7.1184e-02
311.5 2.3575e-02 
312.5 2.3575e-02
312.5 1.5938e-02 
313.5 1.5938e-02
313.5 2.4650e-02 
314.5 2.4650e-02
314.5 4.9266e-04 
315.5 4.9266e-04
315.5 -1.4524e-02 
316.5 -1.4524e-02
316.5 -1.6308e-02 
317.5 -1.6308e-02
317.5 -1.0673e-02 
318.5 -1.0673e-02
318.5 1.6281e-02 
319.5 1.6281e-02
319.5 1.9736e-02 
320.5 1.9736e-02
320.5 -5.4788e-03 
321.5 -5.4788e-03
321.5 8.0512e-03 
322.5 8.0512e-03
322.5 -2.8017e-02 
323.5 -2.8017e-02
323.5 -2.1147e-02 
324.5 -2.1147e-02
324.5 -7.3718e-03 
325.5 -7.3718e-03
325.5 6.0013e-03 
326.5 6.0013e-03
326.5 -2.4421e-02 
327.5 -2.4421e-02
327.5 -2.1148e-02 
328.5 -2.1148e-02
328.5 -1.4123e-02 
329.5 -1.4123e-02
329.5 -1.4784e-02 
330.5 -1.4784e-02
330.5 -1.6644e-02 
331.5 -1.6644e-02
331.5 -8.2063e-03 
332.5 -8.2063e-03
332.5 -3.5218e-02 
333.5 -3.5218e-02
333.5 -1.6543e-02 
334.5 -1.6543e-02
334.5 -2.6374e-02 
335.5 -2.6374e-02
335.5 -9.2241e-04 
336.5 -9.2241e-04
336.5 6.2073e-02 
337.5 6.2073e-02
337.5 9.1062e-02 
338.5 9.1062e-02
338.5 8.4752e-02 
339.5 8.4752e-02
339.5 1.1457e-01 
340.5 1.1457e-01
340.5 7.8546e-02 
341.5 7.8546e-02
341.5 4.8879e-02 
342.5 4.8879e-02
342.5 2.2633e-02 
343.5 2.2633e-02
343.5 1.8030e-02 
344.5 1.8030e-02
344.5 -4.0332e-03 
345.5 -4.0332e-03
345.5 -2.0719e-02 
346.5 -2.0719e-02
346.5 -6.4641e-02 
347.5 -6.4641e-02
347.5 -3.0839e-02 
348.5 -3.0839e-02
348.5 -2.2478e-02 
349.5 -2.2478e-02
349.5 -2.5820e-02 
350.5 -2.5820e-02
350.5 -3.0074e-02 
351.5 -3.0074e-02
351.5 -3.2627e-02 
352.5 -3.2627e-02
352.5 -4.9600e-02 
353.5 -4.9600e-02
353.5 -8.3948e-02 
354.5 -8.3948e-02
354.5 -1.2969e-01 
355.5 -1.2969e-01
355.5 -1.3145e-01 
356.5 -1.3145e-01
356.5 -1.3081e-01 
357.5 -1.3081e-01
357.5 -1.3413e-01 
358.5 -1.3413e-01
358.5 -1.0924e-01 
359.5 -1.0924e-01
359.5 -1.0452e-01 
360.5 -1.0452e-01
360.5 -1.0727e-01 
361.5 -1.0727e-01
361.5 -1.2940e-01 
362.5 -1.2940e-01
362.5 -9.7108e-02 
363.5 -9.7108e-02
363.5 -8.8925e-02 
364.5 -8.8925e-02
364.5 -7.7905e-02 
365.5 -7.7905e-02
365.5 -1.0512e-01 
366.5 -1.0512e-01
366.5 -1.0510e-01 
367.5 -1.0510e-01
367.5 -8.0804e-02 
368.5 -8.0804e-02
368.5 -6.8551e-02 
369.5 -6.8551e-02
369.5 -4.6976e-02 
370.5 -4.6976e-02
370.5 -4.2249e-02 
371.5 -4.2249e-02
371.5 -7.1766e-02 
372.5 -7.1766e-02
372.5 -9.4397e-02 
373.5 -9.4397e-02
373.5 -1.2827e-01 
374.5 -1.2827e-01
374.5 -1.3007e-01 
375.5 -1.3007e-01
375.5 -9.6801e-02 
376.5 -9.6801e-02
376.5 -7.3441e-02 
377.5 -7.3441e-02
377.5 -6.8592e-02 
378.5 -6.8592e-02
378.5 -1.4705e-02 
379.5 -1.4705e-02
379.5 -5.6771e-02 
380.5 -5.6771e-02
380.5 -6.5755e-02 
381.5 -6.5755e-02
381.5 -8.1123e-02 
382.5 -8.1123e-02
382.5 -1.0196e-01 
383.5 -1.0196e-01
383.5 -8.4773e-02 
384.5 -8.4773e-02
384.5 -4.8691e-02 
385.5 -4.8691e-02
385.5 -7.7447e-02 
386.5 -7.7447e-02
386.5 -5.6060e-02 
387.5 -5.6060e-02
387.5 -4.6486e-02 
388.5 -4.6486e-02
388.5 -4.9066e-02 
389.5 -4.9066e-02
389.5 -1.8539e-02 
390.5 -1.8539e-02
390.5 1.6655e-02 
391.5 1.6655e-02
391.5 1.4698e-02 
392.5 1.4698e-02
392.5 2.8880e-02 
393.5 2.8880e-02
393.5 2.0578e-02 
394.5 2.0578e-02
394.5 2.7051e-02 
395.5 2.7051e-02
395.5 3.3274e-03 
396.5 3.3274e-03
396.5 -2.3463e-03 
397.5 -2.3463e-03
397.5 5.5047e-03 
398.5 5.5047e-03
398.5 1.9140e-02 
399.5 1.9140e-02
399.5 2.0540e-02 
400.5 2.0540e-02
400.5 2.8752e-02 
401.5 2.8752e-02
401.5 4.5067e-02 
402.5 4.5067e-02
402.5 2.0016e-02 
403.5 2.0016e-02
403.5 -2.7017e-02 
404.5 -2.7017e-02
404.5 -8.1678e-02 
405.5 -8.1678e-02
405.5 -9.1612e-02 
406.5 -9.1612e-02
406.5 -6.9634e-02 
407.5 -6.9634e-02
407.5 -3.4265e-02 
408.5 -3.4265e-02
408.5 -6.6782e-03 
409.5 -6.6782e-03
409.5 -1.8730e-02 
410.5 -1.8730e-02
410.5 -5.7773e-02 
411.5 -5.7773e-02
411.5 -5.8550e-02 
412.5 -5.8550e-02
412.5 -3.9374e-02 
413.5 -3.9374e-02
413.5 -2.8752e-02 
414.5 -2.8752e-02
414.5 -3.5564e-02 
415.5 -3.5564e-02
415.5 -5.2763e-02 
416.5 -5.2763e-02
416.5 -5.4513e-02 
417.5 -5.4513e-02
417.5 -4.7994e-02 
418.5 -4.7994e-02
418.5 -3.9980e-02 
419.5 -3.9980e-02
419.5 -3.4189e-02 
420.5 -3.4189e-02
420.5 1.8559e-02 
421.5 1.8559e-02
421.5 2.5690e-02 
422.5 2.5690e-02
422.5 2.1623e-02 
423.5 2.1623e-02
423.5 -2.1012e-02 
424.5 -2.1012e-02
424.5 -5.0524e-02 
425.5 -5.0524e-02
425.5 -4.9833e-02 
426.5 -4.9833e-02
426.5 -6.0334e-02 
427.5 -6.0334e-02
427.5 -5.0005e-02 
428.5 -5.0005e-02
428.5 -7.8945e-02 
429.5 -7.8945e-02
429.5 -7.8962e-02 
430.5 -7.8962e-02
430.5 -9.3606e-02 
431.5 -9.3606e-02
431.5 -1.0554e-01 
432.5 -1.0554e-01
432.5 -7.5708e-02 
433.5 -7.5708e-02
433.5 -6.4550e-02 
434.5 -6.4550e-02
434.5 -7.8617e-02 
435.5 -7.8617e-02
435.5 -8.8891e-02 
436.5 -8.8891e-02
436.5 -1.3001e-01 
437.5 -1.3001e-01
437.5 -8.4307e-02 
438.5 -8.4307e-02
438.5 -8.0236e-02 
439.5 -8.0236e-02
439.5 -1.1367e-01 
440.5 -1.1367e-01
440.5 -5.2381e-02 
441.5 -5.2381e-02
441.5 -2.9092e-02 
442.5 -2.9092e-02
442.5 -2.9657e-02 
443.5 -2.9657e-02
443.5 -7.3127e-03 
444.5 -7.3127e-03
444.5 2.4343e-02 
445.5 2.4343e-02
445.5 4.1517e-02 
446.5 4.1517e-02
446.5 5.7660e-02 
447.5 5.7660e-02
447.5 -4.5319e-03 
448.5 -4.5319e-03
448.5 4.5755e-02 
449.5 4.5755e-02
449.5 8.1726e-02 
450.5 8.1726e-02
450.5 1.0808e-01 
451.5 1.0808e-01
451.5 1.1634e-01 
452.5 1.1634e-01
452.5 1.5255e-01 
453.5 1.5255e-01
453.5 1.0329e-01 
454.5 1.0329e-01
454.5 9.1674e-02 
455.5 9.1674e-02
455.5 6.3258e-02 
456.5 6.3258e-02
456.5 2.6509e-02 
457.5 2.6509e-02
457.5 1.4749e-02 
458.5 1.4749e-02
458.5 -3.5215e-02 
459.5 -3.5215e-02
459.5 -8.4265e-02 
460.5 -8.4265e-02
460.5 -9.4813e-02 
461.5 -9.4813e-02
461.5 -1.2917e-01 
462.5 -1.2917e-01
462.5 -1.2889e-01 
463.5 -1.2889e-01
463.5 -9.8321e-02 
464.5 -9.8321e-02
464.5 -5.5540e-02 
465.5 -5.5540e-02
465.5 -2.8916e-02 
466.5 -2.8916e-02
466.5 -3.3768e-02 
467.5 -3.3768e-02
467.5 2.6453e-03 
468.5 2.6453e-03
468.5 2.3685e-02 
469.5 2.3685e-02
469.5 4.3500e-02 
470.5 4.3500e-02
470.5 6.4716e-02 
471.5 6.4716e-02
471.5 7.5575e-02 
472.5 7.5575e-02
472.5 8.6140e-02 
473.5 8.6140e-02
473.5 7.9016e-02 
474.5 7.9016e-02
474.5 3.7302e-02 
475.5 3.7302e-02
475.5 1.7863e-02 
476.5 1.7863e-02
476.5 1.1701e-02 
477.5 1.1701e-02
477.5 3.8253e-03 
478.5 3.8253e-03
478.5 2.4402e-02 
479.5 2.4402e-02
479.5 3.2258e-02 
480.5 3.2258e-02
480.5 4.0659e-02 
481.5 4.0659e-02
481.5 8.3039e-02 
482.5 8.3039e-02
482.5 9.7424e-02 
483.5 9.7424e-02
483.5 1.0235e-01 
484.5 1.0235e-01
484.5 8.4933e-02 
485.5 8.4933e-02
485.5 2.6718e-02 
486.5 2.6718e-02
486.5 1.4824e-02 
487.5 1.4824e-02
487.5 2.6624e-02 
488.5 2.6624e-02
488.5 -4.8008e-03 
489.5 -4.8008e-03
489.5 1.4641e-02 
490.5 1.4641e-02
490.5 6.2900e-02 
491.5 6.2900e-02
491.5 8.3288e-02 
492.5 8.3288e-02
492.5 1.1118e-01 
493.5 1.1118e-01
493.5 1.2301e-01 
494.5 1.2301e-01
494.5 1.0455e-01 
495.5 1.0455e-01
495.5 1.3702e-01 
496.5 1.3702e-01
496.5 7.9131e-02 
497.5 7.9131e-02
497.5 9.2151e-02 
498.5 9.2151e-02
498.5 5.5826e-02 
499.5 5.5826e-02
499.5 8.0801e-02 
500.5 8.0801e-02
500.5 7.0529e-02 
501.5 7.0529e-02
501.5 1.0756e-01 
502.5 1.0756e-01
502.5 1.3625e-01 
503.5 1.3625e-01
503.5 1.4563e-01 
504.5 1.4563e-01
504.5 1.4456e-01 
505.5 1.4456e-01
505.5 1.5374e-01 
506.5 1.5374e-01
506.5 1.3054e-01 
507.5 1.3054e-01
507.5 1.1400e-01 
508.5 1.1400e-01
508.5 7.8905e-02 
509.5 7.8905e-02
509.5 7.6728e-02 
510.5 7.6728e-02
510.5 7.9634e-02 
511.5 7.9634e-02
511.5 8.4026e-02 
512.5 8.4026e-02
512.5 1.8994e-02 
513.5 1.8994e-02
513.5 8.1438e-03 
514.5 8.1438e-03
514.5 -9.7230e-03 
515.5 -9.7230e-03
515.5 -7.6703e-02 
516.5 -7.6703e-02
516.5 -9.8842e-02 
517.5 -9.8842e-02
517.5 -9.8000e-02 
518.5 -9.8000e-02
518.5 -7.0431e-02 
519.5 -7.0431e-02
519.5 -3.4305e-02 
520.5 -3.4305e-02
520.5 -1.3242e-02 
521.5 -1.3242e-02
521.5 -1.3259e-02 
522.5 -1.3259e-02
522.5 7.3009e-03 
523.5 7.3009e-03
523.5 1.0371e-02 
524.5 1.0371e-02
524.5 2.6846e-02 
525.5 2.6846e-02
525.5 5.7989e-02 
526.5 5.7989e-02
526.5 1.0130e-01 
527.5 1.0130e-01
527.5 7.3374e-02 
528.5 7.3374e-02
528.5 5.5847e-02 
529.5 5.5847e-02
529.5 6.2110e-02 
530.5 6.2110e-02
530.5 6.1582e-02 
531.5 6.1582e-02
531.5 7.0696e-02 
532.5 7.0696e-02
532.5 1.4907e-01 
533.5 1.4907e-01
533.5 1.1800e-01 
534.5 1.1800e-01
534.5 1.1368e-01 
535.5 1.1368e-01
535.5 9.3523e-02 
536.5 9.3523e-02
536.5 1.0678e-01 
537.5 1.0678e-01
537.5 1.1016e-01 
538.5 1.1016e-01
538.5 1.0790e-01 
539.5 1.0790e-01
539.5 1.2220e-01 
540.5 1.2220e-01
540.5 1.0209e-01 
541.5 1.0209e-01
541.5 8.3872e-02 
542.5 8.3872e-02
542.5 2.1893e-02 
543.5 2.1893e-02
543.5 1.8979e-02 
544.5 1.8979e-02
544.5 2.7435e-02 
545.5 2.7435e-02
545.5 5.6497e-02 
546.5 5.6497e-02
546.5 9.4485e-02 
547.5 9.4485e-02
547.5 4.7895e-02 
548.5 4.7895e-02
548.5 7.8924e-02 
549.5 7.8924e-02
549.5 5.0726e-02 
550.5 5.0726e-02
550.5 3.6063e-02 
551.5 3.6063e-02
551.5 -1.1839e-02 
552.5 -1.1839e-02
552.5 2.0881e-02 
553.5 2.0881e-02
553.5 -3.5794e-02 
554.5 -3.5794e-02
554.5 -8.3953e-02 
555.5 -8.3953e-02
555.5 -1.5939e-01 
556.5 -1.5939e-01
556.5 -1.5404e-01 
557.5 -1.5404e-01
557.5 -1.3835e-01 
558.5 -1.3835e-01
558.5 -1.1996e-01 
559.5 -1.1996e-01
559.5 -1.0737e-01 
560.5 -1.0737e-01
560.5 -1.0403e-01 
561.5 -1.0403e-01
561.5 -1.1561e-01 
562.5 -1.1561e-01
562.5 -1.3670e-01 
563.5 -1.3670e-01
563.5 -1.4018e-01 
564.5 -1.4018e-01
564.5 -1.2666e-01 
565.5 -1.2666e-01
565.5 -5.9617e-02 
566.5 -5.9617e-02
566.5 -8.1803e-02 
567.5 -8.1803e-02
567.5 -1.1419e-01 
568.5 -1.1419e-01
568.5 -1.1318e-01 
569.5 -1.1318e-01
569.5 -1.0622e-01 
570.5 -1.0622e-01
570.5 -7.0656e-02 
571.5 -7.0656e-02
571.5 -5.3874e-02 
572.5 -5.3874e-02
572.5 -6.9406e-02 
573.5 -6.9406e-02
573.5 -4.0294e-02 
574.5 -4.0294e-02
574.5 -7.5758e-02 
575.5 -7.5758e-02
575.5 -9.0925e-02 
576.5 -9.0925e-02
576.5 -1.0589e-01 
577.5 -1.0589e-01
577.5 -1.2454e-01 
578.5 -1.2454e-01
578.5 -1.3429e-01 
579.5 -1.3429e-01
579.5 -9.2676e-02 
580.5 -9.2676e-02
580.5 -1.4838e-01 
581.5 -1.4838e-01
581.5 -1.8035e-01 
582.5 -1.8035e-01
582.5 -2.4868e-01 
583.5 -2.4868e-01
583.5 -2.4510e-01 
584.5 -2.4510e-01
584.5 -2.4534e-01 
585.5 -2.4534e-01
585.5 -2.3669e-01 
586.5 -2.3669e-01
586.5 -2.2589e-01 
587.5 -2.2589e-01
587.5 -2.3774e-01 
588.5 -2.3774e-01
588.5 -1.7343e-01 
589.5 -1.7343e-01
589.5 -1.9273e-01 
590.5 -1.9273e-01
590.5 -2.1430e-01 
591.5 -2.1430e-01
591.5 -1.5770e-01 
592.5 -1.5770e-01
592.5 -1.4943e-01 
593.5 -1.4943e-01
593.5 -1.2366e-01 
594.5 -1.2366e-01
594.5 -1.0029e-01 
595.5 -1.0029e-01
595.5 -5.8651e-02 
596.5 -5.8651e-02
596.5 -1.0972e-02 
597.5 -1.0972e-02
597.5 1.6287e-02 
598.5 1.6287e-02
598.5 -1.1315e-03 
599.5 -1.1315e-03
599.5 3.4541e-02 
600.5 3.4541e-02
600.5 1.9739e-02 
601.5 1.9739e-02
601.5 1.4841e-02 
602.5 1.4841e-02
602.5 4.5424e-02 
603.5 4.5424e-02
603.5 4.8202e-02 
604.5 4.8202e-02
604.5 7.2833e-02 
605.5 7.2833e-02
605.5 7.5814e-02 
606.5 7.5814e-02
606.5 7.1008e-02 
607.5 7.1008e-02
607.5 1.2075e-01 
608.5 1.2075e-01
608.5 1.2317e-01 
609.5 1.2317e-01
609.5 1.2677e-01 
610.5 1.2677e-01
610.5 6.9688e-02 
611.5 6.9688e-02
611.5 1.9583e-02 
612.5 1.9583e-02
612.5 -2.6759e-02 
613.5 -2.6759e-02
613.5 -5.7661e-02 
614.5 -5.7661e-02
614.5 -2.9941e-02 
615.5 -2.9941e-02
615.5 -1.5051e-03 
616.5 -1.5051e-03
616.5 -1.5393e-02 
617.5 -1.5393e-02
617.5 6.6727e-03 
618.5 6.6727e-03
618.5 2.9341e-03 
619.5 2.9341e-03
619.5 -3.8220e-02 
620.5 -3.8220e-02
620.5 2.8092e-02 
621.5 2.8092e-02
621.5 -1.1180e-02 
622.5 -1.1180e-02
622.5 -2.2981e-02 
623.5 -2.2981e-02
623.5 -1.7120e-03 
624.5 -1.7120e-03
624.5 -4.5635e-04 
625.5 -4.5635e-04
625.5 2.4619e-03 
626.5 2.4619e-03
626.5 1.6178e-02 
627.5 1.6178e-02
627.5 2.5551e-02 
628.5 2.5551e-02
628.5 -1.6219e-02 
629.5 -1.6219e-02
629.5 2.8083e-02 
630.5 2.8083e-02
630.5 5.3537e-02 
631.5 5.3537e-02
631.5 2.8469e-02 
632.5 2.8469e-02
632.5 4.2030e-02 
633.5 4.2030e-02
633.5 4.0532e-02 
634.5 4.0532e-02
634.5 6.7837e-02 
635.5 6.7837e-02
635.5 1.1565e-01 
636.5 1.1565e-01
636.5 8.1699e-02 
637.5 8.1699e-02
637.5 5.0932e-02 
638.5 5.0932e-02
638.5 4.9640e-02 
639.5 4.9640e-02
639.5 5.4661e-02 
640.5 5.4661e-02
640.5 5.9183e-02 
641.5 5.9183e-02
641.5 8.3390e-02 
642.5 8.3390e-02
642.5 1.5063e-02 
643.5 1.5063e-02
643.5 -4.8210e-03 
644.5 -4.8210e-03
644.5 -7.2632e-02 
645.5 -7.2632e-02
645.5 -1.2953e-01 
646.5 -1.2953e-01
646.5 -1.1326e-01 
647.5 -1.1326e-01
647.5 -1.2453e-01 
648.5 -1.2453e-01
648.5 -1.3220e-01 
649.5 -1.3220e-01
649.5 -1.4747e-01 
650.5 -1.4747e-01
650.5 -1.7121e-01 
651.5 -1.7121e-01
651.5 -2.0027e-01 
652.5 -2.0027e-01
652.5 -2.2017e-01 
653.5 -2.2017e-01
653.5 -2.0550e-01 
654.5 -2.0550e-01
654.5 -1.6759e-01 
655.5 -1.6759e-01
655.5 -9.6619e-02 
656.5 -9.6619e-02
656.5 -1.0227e-01 
657.5 -1.0227e-01
657.5 -1.0331e-01 
658.5 -1.0331e-01
658.5 -9.2056e-02 
659.5 -9.2056e-02
659.5 -7.6209e-02 
660.5 -7.6209e-02
660.5 -6.8156e-02 
661.5 -6.8156e-02
661.5 -4.5011e-02 
662.5 -4.5011e-02
662.5 -5.7671e-02 
663.5 -5.7671e-02
663.5 -2.2557e-02 
664.5 -2.2557e-02
664.5 -3.1769e-02 
665.5 -3.1769e-02
665.5 -4.6628e-03 
666.5 -4.6628e-03
666.5 -1.1025e-02 
667.5 -1.1025e-02
667.5 5.8418e-02 
668.5 5.8418e-02
668.5 1.2406e-01 
669.5 1.2406e-01
669.5 1.4159e-01 
670.5 1.4159e-01
670.5 6.0105e-02 
671.5 6.0105e-02
671.5 3.6332e-02 
672.5 3.6332e-02
672.5 -1.3603e-04 
673.5 -1.3603e-04
673.5 2.5188e-02 
674.5 2.5188e-02
674.5 9.4075e-05 
675.5 9.4075e-05
675.5 -3.0014e-02 
676.5 -3.0014e-02
676.5 -8.5124e-02 
677.5 -8.5124e-02
677.5 -1.0122e-01 
678.5 -1.0122e-01
678.5 -8.5587e-02 
679.5 -8.5587e-02
679.5 -1.0793e-01 
680.5 -1.0793e-01
680.5 -3.8990e-02 
681.5 -3.8990e-02
681.5 -9.7737e-03 
682.5 -9.7737e-03
682.5 3.7036e-02 
683.5 3.7036e-02
683.5 2.8840e-02 
684.5 2.8840e-02
684.5 3.3774e-02 
685.5 3.3774e-02
685.5 8.6991e-03 
686.5 8.6991e-03
686.5 1.4341e-02 
687.5 1.4341e-02
687.5 2.2790e-02 
688.5 2.2790e-02
688.5 6.1551e-02 
689.5 6.1551e-02
689.5 5.6752e-02 
690.5 5.6752e-02
690.5 5.8909e-02 
691.5 5.8909e-02
691.5 5.0857e-02 
692.5 5.0857e-02
692.5 3.2383e-02 
693.5 3.2383e-02
693.5 4.9043e-02 
694.5 4.9043e-02
694.5 -4.7840e-03 
695.5 -4.7840e-03
695.5 -9.4290e-03 
696.5 -9.4290e-03
696.5 -5.8339e-02 
697.5 -5.8339e-02
697.5 -5.9981e-02 
698.5 -5.9981e-02
698.5 -1.7858e-02 
699.5 -1.7858e-02
699.5 7.8426e-03 
700.5 7.8426e-03
700.5 2.4340e-02 
701.5 2.4340e-02
701.5 -3.7938e-02 
702.5 -3.7938e-02
702.5 -8.4306e-02 
703.5 -8.4306e-02
703.5 -9.1686e-02 
704.5 -9.1686e-02
704.5 -8.7524e-02 
705.5 -8.7524e-02
705.5 -8.3640e-02 
706.5 -8.3640e-02
706.5 -2.7702e-02 
707.5 -2.7702e-02
707.5 -6.5517e-02 
708.5 -6.5517e-02
708.5 3.9058e-05 
709.5 3.9058e-05
709.5 3.8941e-02 
710.5 3.8941e-02
710.5 4.2177e-02 
711.5 4.2177e-02
711.5 5.6117e-02 
712.5 5.6117e-02
712.5 1.0851e-01 
713.5 1.0851e-01
713.5 8.6699e-02 
714.5 8.6699e-02
714.5 7.6673e-02 
715.5 7.6673e-02
715.5 2.6239e-02 
716.5 2.6239e-02
716.5 -4.3212e-02 
717.5 -4.3212e-02
717.5 -8.3552e-02 
718.5 -8.3552e-02
718.5 -3.0279e-02 
719.5 -3.0279e-02
719.5 -7.0622e-02 
720.5 -7.0622e-02
720.5 -4.4601e-02 
721.5 -4.4601e-02
721.5 -8.5386e-02 
722.5 -8.5386e-02
722.5 -6.5721e-02 
723.5 -6.5721e-02
723.5 -5.0923e-02 
724.5 -5.0923e-02
724.5 -7.6750e-02 
725.5 -7.6750e-02
725.5 -8.0620e-02 
726.5 -8.0620e-02
726.5 -6.5994e-02 
727.5 -6.5994e-02
727.5 -4.6125e-02 
728.5 -4.6125e-02
728.5 -5.5603e-02 
729.5 -5.5603e-02
729.5 -1.9080e-02 
730.5 -1.9080e-02
730.5 -1.6025e-02 
731.5 -1.6025e-02
731.5 2.5309e-02 
732.5 2.5309e-02
732.5 1.6293e-02 
733.5 1.6293e-02
733.5 -2.0848e-02 
734.5 -2.0848e-02
734.5 -6.3733e-02 
735.5 -6.3733e-02
735.5 -3.5061e-02 
736.5 -3.5061e-02
736.5 -2.5221e-02 
737.5 -2.5221e-02
737.5 3.5619e-02 
738.5 3.5619e-02
738.5 2.6442e-02 
739.5 2.6442e-02
739.5 2.6996e-02 
740.5 2.6996e-02
740.5 2.1410e-02 
741.5 2.1410e-02
741.5 3.7577e-02 
742.5 3.7577e-02
742.5 1.2209e-02 
743.5 1.2209e-02
743.5 -3.1828e-02 
744.5 -3.1828e-02
744.5 -9.7340e-02 
745.5 -9.7340e-02
745.5 -1.4778e-01 
746.5 -1.4778e-01
746.5 -9.5286e-02 
747.5 -9.5286e-02
747.5 -4.5119e-02 
748.5 -4.5119e-02
748.5 -1.2596e-02 
749.5 -1.2596e-02
749.5 6.5308e-04 
750.5 6.5308e-04
750.5 -4.5154e-03 
751.5 -4.5154e-03
751.5 4.1868e-02 
752.5 4.1868e-02
752.5 1.4092e-02 
753.5 1.4092e-02
753.5 -1.8307e-02 
754.5 -1.8307e-02
754.5 -2.7723e-02 
755.5 -2.7723e-02
755.5 -3.5124e-02 
756.5 -3.5124e-02
756.5 -1.6491e-02 
757.5 -1.6491e-02
757.5 1.9782e-02 
758.5 1.9782e-02
758.5 4.0501e-03 
759.5 4.0501e-03
759.5 5.5678e-02 
760.5 5.5678e-02
760.5 8.1464e-02 
761.5 8.1464e-02
761.5 7.2287e-02 
762.5 7.2287e-02
762.5 6.1730e-02 
763.5 6.1730e-02
763.5 5.5263e-02 
764.5 5.5263e-02
764.5 1.7915e-02 
765.5 1.7915e-02
765.5 -6.3691e-03 
766.5 -6.3691e-03
766.5 -1.6306e-02 
767.5 -1.6306e-02
767.5 -4.6040e-02 
768.5 -4.6040e-02
768.5 -7.7693e-02 
769.5 -7.7693e-02
769.5 -2.5237e-02 
770.5 -2.5237e-02
770.5 -7.0269e-02 
771.5 -7.0269e-02
771.5 -9.2007e-02 
772.5 -9.2007e-02
772.5 -1.2296e-01 
773.5 -1.2296e-01
773.5 -1.1943e-01 
774.5 -1.1943e-01
774.5 -1.1899e-01 
775.5 -1.1899e-01
775.5 -1.3518e-01 
776.5 -1.3518e-01
776.5 -1.6517e-01 
777.5 -1.6517e-01
777.5 -1.2432e-01 
778.5 -1.2432e-01
778.5 -1.0356e-01 
779.5 -1.0356e-01
779.5 -1.3571e-01 
780.5 -1.3571e-01
780.5 -1.1880e-01 
781.5 -1.1880e-01
781.5 -1.3991e-01 
782.5 -1.3991e-01
782.5 -9.9878e-02 
783.5 -9.9878e-02
783.5 -9.6321e-02 
784.5 -9.6321e-02
784.5 -9.5972e-02 
785.5 -9.5972e-02
785.5 -1.0072e-01 
786.5 -1.0072e-01
786.5 -5.5186e-02 
787.5 -5.5186e-02
787.5 -4.0670e-02 
788.5 -4.0670e-02
788.5 -2.6281e-02 
789.5 -2.6281e-02
789.5 4.6571e-02 
790.5 4.6571e-02
790.5 8.8162e-02 
791.5 8.8162e-02
791.5 4.3092e-02 
792.5 4.3092e-02
792.5 1.0763e-01 
793.5 1.0763e-01
793.5 -3.5722e-02 
794.5 -3.5722e-02
794.5 2.1203e-02 
795.5 2.1203e-02
795.5 3.7582e-02 
796.5 3.7582e-02
796.5 -3.8753e-02 
797.5 -3.8753e-02
797.5 1.4406e-02 
798.5 1.4406e-02
798.5 -2.4501e-02 
799.5 -2.4501e-02
799.5 -4.1990e-02 
800.5 -4.1990e-02
800.5 -2.7642e-02 
801.5 -2.7642e-02
801.5 -1.6953e-02 
802.5 -1.6953e-02
802.5 -2.0052e-02 
803.5 -2.0052e-02
803.5 8.5380e-02 
804.5 8.5380e-02
804.5 1.0277e-01 
805.5 1.0277e-01
805.5 1.2909e-01 
806.5 1.2909e-01
806.5 1.1575e-01 
807.5 1.1575e-01
807.5 1.1592e-01 
808.5 1.1592e-01
808.5 1.5537e-01 
809.5 1.5537e-01
809.5 1.5748e-01 
810.5 1.5748e-01
810.5 1.1790e-01 
811.5 1.1790e-01
811.5 7.6117e-02 
812.5 7.6117e-02
812.5 1.6456e-02 
813.5 1.6456e-02
813.5 -2.5421e-02 
814.5 -2.5421e-02
814.5 -4.1337e-02 
815.5 -4.1337e-02
815.5 -1.4374e-02 
816.5 -1.4374e-02
816.5 1.0572e-03 
817.5 1.0572e-03
817.5 5.3645e-02 
818.5 5.3645e-02
818.5 4.9431e-02 
819.5 4.9431e-02
819.5 1.0365e-01 
820.5 1.0365e-01
820.5 1.4712e-01 
821.5 1.4712e-01
821.5 1.4296e-01 
822.5 1.4296e-01
822.5 7.4671e-02 
823.5 7.4671e-02
823.5 9.6142e-02 
824.5 9.6142e-02
824.5 4.4931e-02 
825.5 4.4931e-02
825.5 4.0862e-02 
826.5 4.0862e-02
826.5 -8.3319e-03 
827.5 -8.3319e-03
827.5 -1.5479e-02 
828.5 -1.5479e-02
828.5 1.9125e-02 
829.5 1.9125e-02
829.5 9.4106e-02 
830.5 9.4106e-02
830.5 1.5939e-01 
831.5 1.5939e-01
831.5 1.7308e-01 
832.5 1.7308e-01
832.5 7.4126e-02 
833.5 7.4126e-02
833.5 1.1201e-01 
834.5 1.1201e-01
834.5 3.2936e-02 
835.5 3.2936e-02
835.5 1.1509e-01 
836.5 1.1509e-01
836.5 1.2692e-01 
837.5 1.2692e-01
837.5 1.2564e-01 
838.5 1.2564e-01
838.5 8.5357e-02 
839.5 8.5357e-02
839.5 2.3422e-02 
840.5 2.3422e-02
840.5 8.6901e-03 
841.5 8.6901e-03
841.5 8.1844e-02 
842.5 8.1844e-02
842.5 1.1051e-01 
843.5 1.1051e-01
843.5 1.2459e-01 
844.5 1.2459e-01
844.5 5.6432e-02 
845.5 5.6432e-02
845.5 4.8988e-02 
846.5 4.8988e-02
846.5 5.1665e-02 
847.5 5.1665e-02
847.5 -2.8198e-02 
848.5 -2.8198e-02
848.5 -3.2266e-02 
849.5 -3.2266e-02
849.5 -3.0005e-02 
850.5 -3.0005e-02
850.5 -3.2753e-02 
851.5 -3.2753e-02
851.5 -4.3079e-02 
852.5 -4.3079e-02
852.5 -2.6149e-02 
853.5 -2.6149e-02
853.5 -1.0903e-01 
854.5 -1.0903e-01
854.5 -1.1819e-01 
855.5 -1.1819e-01
855.5 -1.7501e-01 
856.5 -1.7501e-01
856.5 -1.7080e-01 
857.5 -1.7080e-01
857.5 -1.3244e-01 
858.5 -1.3244e-01
858.5 -6.8501e-02 
859.5 -6.8501e-02
859.5 -5.9514e-02 
860.5 -5.9514e-02
860.5 -1.0766e-02 
861.5 -1.0766e-02
861.5 -6.8074e-02 
862.5 -6.8074e-02
862.5 5.0004e-02 
863.5 5.0004e-02
863.5 9.9076e-02 
864.5 9.9076e-02
864.5 7.5328e-02 
865.5 7.5328e-02
865.5 -3.8846e-02 
866.5 -3.8846e-02
866.5 -3.7546e-02 
867.5 -3.7546e-02
867.5 -5.9198e-02 
868.5 -5.9198e-02
868.5 -3.0286e-02 
869.5 -3.0286e-02
869.5 -4.5551e-02 
870.5 -4.5551e-02
870.5 -2.9211e-02 
871.5 -2.9211e-02
871.5 9.7015e-02 
872.5 9.7015e-02
872.5 1.7929e-01 
873.5 1.7929e-01
873.5 7.3800e-02 
874.5 7.3800e-02
874.5 1.0991e-01 
875.5 1.0991e-01
875.5 2.4225e-02 
876.5 2.4225e-02
876.5 5.3550e-02 
877.5 5.3550e-02
877.5 5.5955e-02 
878.5 5.5955e-02
878.5 1.5574e-01 
879.5 1.5574e-01
879.5 7.8739e-02 
880.5 7.8739e-02
880.5 1.1296e-01 
881.5 1.1296e-01
881.5 -4.8787e-04 
882.5 -4.8787e-04
882.5 -8.1332e-02 
883.5 -8.1332e-02
883.5 -1.0942e-01 
884.5 -1.0942e-01
884.5 -8.5245e-02 
885.5 -8.5245e-02
885.5 1.3257e-02 
886.5 1.3257e-02
886.5 3.1779e-02 
887.5 3.1779e-02
887.5 -7.8613e-02 
888.5 -7.8613e-02
888.5 -1.5762e-01 
889.5 -1.5762e-01
889.5 -1.6719e-01 
890.5 -1.6719e-01
890.5 -1.7845e-01 
891.5 -1.7845e-01
891.5 -2.1231e-01 
892.5 -2.1231e-01
892.5 -2.7188e-01 
893.5 -2.7188e-01
893.5 -2.8753e-01 
894.5 -2.8753e-01
894.5 -3.2400e-01 
895.5 -3.2400e-01
895.5 -3.0912e-01 
896.5 -3.0912e-01
896.5 -2.9854e-01 
897.5 -2.9854e-01
897.5 -2.0801e-01 
898.5 -2.0801e-01
898.5 -1.7703e-01 
899.5 -1.7703e-01
899.5 -1.0705e-01 
900.5 -1.0705e-01
900.5 -9.5809e-02 
901.5 -9.5809e-02
901.5 -1.1543e-01 
902.5 -1.1543e-01
902.5 -1.9885e-01 
903.5 -1.9885e-01
903.5 -1.9783e-01 
904.5 -1.9783e-01
904.5 -2.2748e-01 
905.5 -2.2748e-01
905.5 -2.3509e-01 
906.5 -2.3509e-01
906.5 -2.0758e-01 
907.5 -2.0758e-01
907.5 -3.5623e-01 
908.5 -3.5623e-01
908.5 -3.8061e-01 
909.5 -3.8061e-01
909.5 -3.8745e-01 
910.5 -3.8745e-01
910.5 -3.7637e-01 
911.5 -3.7637e-01
911.5 -3.2193e-01 
912.5 -3.2193e-01
912.5 -3.4703e-01 
913.5 -3.4703e-01
913.5 -3.6727e-01 
914.5 -3.6727e-01
914.5 -2.7726e-01 
915.5 -2.7726e-01
915.5 -3.3007e-01 
916.5 -3.3007e-01
916.5 -3.8236e-01 
917.5 -3.8236e-01
917.5 -3.0963e-01 
918.5 -3.0963e-01
918.5 -2.2669e-01 
919.5 -2.2669e-01
919.5 -1.9542e-01 
920.5 -1.9542e-01
920.5 -1.4127e-01 
921.5 -1.4127e-01
921.5 -1.8025e-01 
922.5 -1.8025e-01
922.5 -1.4787e-01 
923.5 -1.4787e-01
923.5 -1.6893e-01 
924.5 -1.6893e-01
924.5 -5.3587e-02 
925.5 -5.3587e-02
925.5 -1.4835e-02 
926.5 -1.4835e-02
926.5 6.6883e-02 
927.5 6.6883e-02
927.5 -5.0155e-02 
928.5 -5.0155e-02
928.5 3.7108e-02 
929.5 3.7108e-02
929.5 1.1952e-01 
930.5 1.1952e-01
930.5 1.3272e-01 
931.5 1.3272e-01
931.5 1.8153e-01 
932.5 1.8153e-01
932.5 8.7527e-02 
933.5 8.7527e-02
933.5 6.6500e-02 
934.5 6.6500e-02
934.5 1.5312e-01 
935.5 1.5312e-01
935.5 1.7190e-01 
936.5 1.7190e-01
936.5 2.9187e-01 
937.5 2.9187e-01
937.5 3.0559e-01 
938.5 3.0559e-01
938.5 3.2490e-01 
939.5 3.2490e-01
939.5 3.7809e-01 
940.5 3.7809e-01
940.5 5.6151e-01 
941.5 5.6151e-01
941.5 4.5940e-01 
942.5 4.5940e-01
942.5 3.0466e-01 
943.5 3.0466e-01
943.5 1.3149e-01 
944.5 1.3149e-01
944.5 1.8718e-01 
945.5 1.8718e-01
945.5 1.3421e-01 
946.5 1.3421e-01
946.5 1.4791e-01 
947.5 1.4791e-01
947.5 6.8053e-02 
948.5 6.8053e-02
948.5 1.1841e-01 
949.5 1.1841e-01
949.5 1.1906e-01 
950.5 1.1906e-01
950.5 3.2756e-02 
951.5 3.2756e-02
951.5 -1.7085e-02 
952.5 -1.7085e-02
952.5 -7.5775e-02 
953.5 -7.5775e-02
953.5 -8.4125e-02 
954.5 -8.4125e-02
954.5 -7.8398e-02 
955.5 -7.8398e-02
955.5 -2.8764e-02 
956.5 -2.8764e-02
956.5 -2.3233e-01 
957.5 -2.3233e-01
957.5 -3.4865e-01 
958.5 -3.4865e-01
958.5 -3.4077e-01 
959.5 -3.4077e-01
959.5 -3.5807e-01 
960.5 -3.5807e-01
960.5 -2.4861e-01 
961.5 -2.4861e-01
961.5 -1.3674e-01 
962.5 -1.3674e-01
962.5 -2.0353e-01 
963.5 -2.0353e-01
963.5 -2.1866e-01 
964.5 -2.1866e-01
964.5 -3.4077e-01 
965.5 -3.4077e-01
965.5 -3.4545e-01 
966.5 -3.4545e-01
966.5 -2.5882e-01 
967.5 -2.5882e-01
967.5 1.5380e-02 
968.5 1.5380e-02
968.5 3.0992e-02 
969.5 3.0992e-02
969.5 1.7666e-01 
970.5 1.7666e-01
970.5 -8.3476e-02 
971.5 -8.3476e-02
971.5 -1.5051e-01 
972.5 -1.5051e-01
972.5 -7.8999e-02 
973.5 -7.8999e-02
973.5 7.7163e-02 
974.5 7.7163e-02
974.5 2.2970e-01 
975.5 2.2970e-01
975.5 2.7751e-01 
976.5 2.7751e-01
976.5 6.1489e-02 
977.5 6.1489e-02
977.5 1.3420e-01 
978.5 1.3420e-01
978.5 2.2623e-01 
979.5 2.2623e-01
979.5 3.5829e-01 
980.5 3.5829e-01
980.5 4.2354e-01 
981.5 4.2354e-01
981.5 4.2397e-01 
982.5 4.2397e-01
982.5 3.2744e-01 
983.5 3.2744e-01
983.5 2.6407e-01 
984.5 2.6407e-01
984.5 -4.5814e-02 
985.5 -4.5814e-02
985.5 -3.4719e-01 
986.5 -3.4719e-01
986.5 -5.2639e-01 
987.5 -5.2639e-01
987.5 -4.1272e-01 
988.5 -4.1272e-01
988.5 -3.0671e-01 
989.5 -3.0671e-01
989.5 -2.4520e-01 
990.5 -2.4520e-01
990.5 -2.8664e-01 
991.5 -2.8664e-01
991.5 -3.2512e-02 
992.5 -3.2512e-02
992.5 3.4202e-01 
993.5 3.4202e-01
993.5 4.0095e-01 
994.5 4.0095e-01
994.5 8.1110e-01 
995.5 8.1110e-01
995.5 4.3600e-01 
996.5 4.3600e-01
996.5 4.8325e-02 
997.5 4.8325e-02
997.5 -8.2304e-01 
998.5 -8.2304e-01
998.5 -1.4828e+00 
999.5 -1.4828e+00
