-0.5  
0.5 
-0.5 1.0000e+00 
0.5 1.0000e+00
0.5 3.4182e-01 
1.5 3.4182e-01
1.5 1.3658e-01 
2.5 1.3658e-01
2.5 6.8063e-02 
3.5 6.8063e-02
3.5 -2.4696e-03 
4.5 -2.4696e-03
4.5 -2.2134e-02 
5.5 -2.2134e-02
5.5 -1.9045e-02 
6.5 -1.9045e-02
6.5 -2.6428e-02 
7.5 -2.6428e-02
7.5 -1.6970e-02 
8.5 -1.6970e-02
8.5 6.0697e-03 
9.5 6.0697e-03
9.5 -1.5071e-02 
10.5 -1.5071e-02
10.5 1.6067e-02 
11.5 1.6067e-02
11.5 1.6467e-04 
12.5 1.6467e-04
12.5 1.0960e-02 
13.5 1.0960e-02
13.5 3.8447e-02 
14.5 3.8447e-02
14.5 1.1842e-02 
15.5 1.1842e-02
15.5 3.6240e-03 
16.5 3.6240e-03
16.5 -5.4985e-02 
17.5 -5.4985e-02
17.5 -2.6933e-02 
18.5 -2.6933e-02
18.5 -2.7761e-02 
19.5 -2.7761e-02
19.5 -3.4101e-03 
20.5 -3.4101e-03
20.5 -3.7658e-02 
21.5 -3.7658e-02
21.5 -4.6098e-02 
22.5 -4.6098e-02
22.5 -4.3525e-02 
23.5 -4.3525e-02
23.5 -2.0365e-02 
24.5 -2.0365e-02
24.5 -2.1661e-02 
25.5 -2.1661e-02
25.5 3.0140e-02 
26.5 3.0140e-02
26.5 4.1727e-02 
27.5 4.1727e-02
27.5 2.1107e-02 
28.5 2.1107e-02
28.5 1.4495e-02 
29.5 1.4495e-02
29.5 -3.2607e-02 
30.5 -3.2607e-02
30.5 1.4250e-02 
31.5 1.4250e-02
31.5 2.7845e-03 
32.5 2.7845e-03
32.5 1.1951e-02 
33.5 1.1951e-02
33.5 -5.8824e-03 
34.5 -5.8824e-03
34.5 1.1920e-02 
35.5 1.1920e-02
35.5 8.2810e-03 
36.5 8.2810e-03
36.5 8.3715e-02 
37.5 8.3715e-02
37.5 6.9094e-02 
38.5 6.9094e-02
38.5 1.3940e-02 
39.5 1.3940e-02
39.5 -3.0988e-02 
40.5 -3.0988e-02
40.5 -6.5288e-02 
41.5 -6.5288e-02
41.5 -1.0657e-02 
42.5 -1.0657e-02
42.5 -4.2001e-02 
43.5 -4.2001e-02
43.5 -2.9581e-03 
44.5 -2.9581e-03
44.5 -2.1846e-03 
45.5 -2.1846e-03
45.5 -2.6905e-02 
46.5 -2.6905e-02
46.5 -1.1170e-02 
47.5 -1.1170e-02
47.5 -5.1714e-02 
48.5 -5.1714e-02
48.5 -1.2294e-02 
49.5 -1.2294e-02
49.5 -3.7016e-02 
50.5 -3.7016e-02
50.5 6.6430e-04 
51.5 6.6430e-04
51.5 2.4262e-02 
52.5 2.4262e-02
52.5 -2.8542e-02 
53.5 -2.8542e-02
53.5 -8.1148e-02 
54.5 -8.1148e-02
54.5 -3.1725e-02 
55.5 -3.1725e-02
55.5 -3.5010e-03 
56.5 -3.5010e-03
56.5 -1.5637e-02 
57.5 -1.5637e-02
57.5 7.7604e-04 
58.5 7.7604e-04
58.5 1.5121e-03 
59.5 1.5121e-03
59.5 2.9542e-02 
60.5 2.9542e-02
60.5 1.8690e-02 
61.5 1.8690e-02
61.5 8.8325e-03 
62.5 8.8325e-03
62.5 5.0365e-03 
63.5 5.0365e-03
63.5 2.5788e-02 
64.5 2.5788e-02
64.5 2.3283e-02 
65.5 2.3283e-02
65.5 9.3116e-03 
66.5 9.3116e-03
66.5 7.4017e-03 
67.5 7.4017e-03
67.5 -7.6465e-03 
68.5 -7.6465e-03
68.5 -1.6329e-02 
69.5 -1.6329e-02
69.5 -3.6796e-02 
70.5 -3.6796e-02
70.5 -4.4462e-02 
71.5 -4.4462e-02
71.5 -2.5324e-03 
72.5 -2.5324e-03
72.5 1.6908e-02 
73.5 1.6908e-02
73.5 -6.1278e-03 
74.5 -6.1278e-03
74.5 1.0021e-02 
75.5 1.0021e-02
75.5 5.8757e-02 
76.5 5.8757e-02
76.5 2.6889e-02 
77.5 2.6889e-02
77.5 2.9307e-02 
78.5 2.9307e-02
78.5 -6.8126e-03 
79.5 -6.8126e-03
79.5 -8.5810e-03 
80.5 -8.5810e-03
80.5 3.8867e-03 
81.5 3.8867e-03
81.5 -1.2933e-02 
82.5 -1.2933e-02
82.5 -2.1338e-02 
83.5 -2.1338e-02
83.5 1.0604e-02 
84.5 1.0604e-02
84.5 -3.3490e-04 
85.5 -3.3490e-04
85.5 -1.5111e-02 
86.5 -1.5111e-02
86.5 -2.1801e-02 
87.5 -2.1801e-02
87.5 -1.6933e-02 
88.5 -1.6933e-02
88.5 -2.4600e-02 
89.5 -2.4600e-02
89.5 -1.1118e-02 
90.5 -1.1118e-02
90.5 -2.9903e-02 
91.5 -2.9903e-02
91.5 -4.0445e-02 
92.5 -4.0445e-02
92.5 -2.7892e-02 
93.5 -2.7892e-02
93.5 7.3744e-03 
94.5 7.3744e-03
94.5 -1.6867e-02 
95.5 -1.6867e-02
95.5 3.5479e-04 
96.5 3.5479e-04
96.5 -1.7826e-02 
97.5 -1.7826e-02
97.5 -2.3483e-02 
98.5 -2.3483e-02
98.5 -5.9998e-02 
99.5 -5.9998e-02
99.5 -3.4843e-02 
100.5 -3.4843e-02
100.5 -5.0488e-02 
101.5 -5.0488e-02
101.5 -4.1587e-02 
102.5 -4.1587e-02
102.5 -4.5844e-02 
103.5 -4.5844e-02
103.5 4.7388e-02 
104.5 4.7388e-02
104.5 2.5293e-02 
105.5 2.5293e-02
105.5 -2.7862e-02 
106.5 -2.7862e-02
106.5 -2.0920e-02 
107.5 -2.0920e-02
107.5 3.5646e-02 
108.5 3.5646e-02
108.5 1.6715e-02 
109.5 1.6715e-02
109.5 5.4851e-02 
110.5 5.4851e-02
110.5 4.8461e-02 
111.5 4.8461e-02
111.5 4.7377e-02 
112.5 4.7377e-02
112.5 7.4945e-02 
113.5 7.4945e-02
113.5 3.9394e-02 
114.5 3.9394e-02
114.5 3.1963e-02 
115.5 3.1963e-02
115.5 5.6266e-02 
116.5 5.6266e-02
116.5 -1.0362e-02 
117.5 -1.0362e-02
117.5 9.3849e-03 
118.5 9.3849e-03
118.5 1.8378e-02 
119.5 1.8378e-02
119.5 -1.6593e-02 
120.5 -1.6593e-02
120.5 -1.7368e-02 
121.5 -1.7368e-02
121.5 -2.0607e-02 
122.5 -2.0607e-02
122.5 1.3941e-03 
123.5 1.3941e-03
123.5 2.3724e-02 
124.5 2.3724e-02
124.5 2.1249e-02 
125.5 2.1249e-02
125.5 3.2562e-02 
126.5 3.2562e-02
126.5 1.0688e-02 
127.5 1.0688e-02
127.5 6.7437e-03 
128.5 6.7437e-03
128.5 2.9520e-02 
129.5 2.9520e-02
129.5 5.3652e-02 
130.5 5.3652e-02
130.5 6.7862e-03 
131.5 6.7862e-03
131.5 -1.3110e-02 
132.5 -1.3110e-02
132.5 -2.6130e-03 
133.5 -2.6130e-03
133.5 -4.3323e-02 
134.5 -4.3323e-02
134.5 -6.3740e-02 
135.5 -6.3740e-02
135.5 -4.9573e-02 
136.5 -4.9573e-02
136.5 -4.8935e-02 
137.5 -4.8935e-02
137.5 -5.5298e-02 
138.5 -5.5298e-02
138.5 -2.3976e-02 
139.5 -2.3976e-02
139.5 2.7238e-03 
140.5 2.7238e-03
140.5 6.8584e-02 
141.5 6.8584e-02
141.5 6.4078e-02 
142.5 6.4078e-02
142.5 3.4252e-02 
143.5 3.4252e-02
143.5 3.7160e-02 
144.5 3.7160e-02
144.5 7.0988e-02 
145.5 7.0988e-02
145.5 4.1431e-02 
146.5 4.1431e-02
146.5 -4.8344e-02 
147.5 -4.8344e-02
147.5 -8.0793e-02 
148.5 -8.0793e-02
148.5 -8.7010e-02 
149.5 -8.7010e-02
149.5 -6.9793e-02 
150.5 -6.9793e-02
150.5 -7.8804e-02 
151.5 -7.8804e-02
151.5 -5.4591e-02 
152.5 -5.4591e-02
152.5 -4.6646e-03 
153.5 -4.6646e-03
153.5 1.2095e-02 
154.5 1.2095e-02
154.5 2.4317e-02 
155.5 2.4317e-02
155.5 4.7024e-02 
156.5 4.7024e-02
156.5 5.7114e-02 
157.5 5.7114e-02
157.5 -6.6229e-03 
158.5 -6.6229e-03
158.5 -4.2461e-02 
159.5 -4.2461e-02
159.5 -8.8705e-03 
160.5 -8.8705e-03
160.5 3.6711e-02 
161.5 3.6711e-02
161.5 2.0172e-02 
162.5 2.0172e-02
162.5 4.8334e-02 
163.5 4.8334e-02
163.5 1.7731e-02 
164.5 1.7731e-02
164.5 4.1074e-03 
165.5 4.1074e-03
165.5 -9.2614e-03 
166.5 -9.2614e-03
166.5 -3.3943e-02 
167.5 -3.3943e-02
167.5 1.0525e-02 
168.5 1.0525e-02
168.5 -1.0441e-02 
169.5 -1.0441e-02
169.5 -3.7990e-03 
170.5 -3.7990e-03
170.5 3.2687e-02 
171.5 3.2687e-02
171.5 3.6642e-02 
172.5 3.6642e-02
172.5 2.2231e-03 
173.5 2.2231e-03
173.5 2.4966e-03 
174.5 2.4966e-03
174.5 7.2908e-03 
175.5 7.2908e-03
175.5 -6.6059e-03 
176.5 -6.6059e-03
176.5 -1.3995e-02 
177.5 -1.3995e-02
177.5 -2.3661e-02 
178.5 -2.3661e-02
178.5 -4.3144e-02 
179.5 -4.3144e-02
179.5 -8.8081e-02 
180.5 -8.8081e-02
180.5 -4.3282e-02 
181.5 -4.3282e-02
181.5 -3.6403e-02 
182.5 -3.6403e-02
182.5 2.6683e-02 
183.5 2.6683e-02
183.5 -2.2507e-05 
184.5 -2.2507e-05
184.5 -5.9391e-03 
185.5 -5.9391e-03
185.5 2.7491e-02 
186.5 2.7491e-02
186.5 8.3453e-03 
187.5 8.3453e-03
187.5 -5.0688e-03 
188.5 -5.0688e-03
188.5 -6.7409e-02 
189.5 -6.7409e-02
189.5 -3.9410e-02 
190.5 -3.9410e-02
190.5 -2.7541e-02 
191.5 -2.7541e-02
191.5 -1.8442e-02 
192.5 -1.8442e-02
192.5 -7.7765e-02 
193.5 -7.7765e-02
193.5 -6.4492e-02 
194.5 -6.4492e-02
194.5 -1.1189e-02 
195.5 -1.1189e-02
195.5 -2.3553e-02 
196.5 -2.3553e-02
196.5 7.4165e-03 
197.5 7.4165e-03
197.5 4.9450e-02 
198.5 4.9450e-02
198.5 3.7121e-02 
199.5 3.7121e-02
199.5 3.2423e-02 
200.5 3.2423e-02
200.5 8.0376e-02 
201.5 8.0376e-02
201.5 5.8299e-02 
202.5 5.8299e-02
202.5 1.1939e-02 
203.5 1.1939e-02
203.5 -6.3476e-03 
204.5 -6.3476e-03
204.5 2.3756e-02 
205.5 2.3756e-02
205.5 6.8138e-02 
206.5 6.8138e-02
206.5 1.4985e-02 
207.5 1.4985e-02
207.5 2.9728e-03 
208.5 2.9728e-03
208.5 9.4961e-03 
209.5 9.4961e-03
209.5 1.1739e-02 
210.5 1.1739e-02
210.5 -1.1073e-01 
211.5 -1.1073e-01
211.5 -1.0770e-01 
212.5 -1.0770e-01
212.5 -1.0998e-01 
213.5 -1.0998e-01
213.5 -3.4238e-02 
214.5 -3.4238e-02
214.5 -4.4262e-02 
215.5 -4.4262e-02
215.5 -4.2571e-02 
216.5 -4.2571e-02
216.5 -5.7904e-02 
217.5 -5.7904e-02
217.5 -2.0555e-02 
218.5 -2.0555e-02
218.5 -1.3331e-02 
219.5 -1.3331e-02
219.5 3.4081e-03 
220.5 3.4081e-03
220.5 3.0604e-02 
221.5 3.0604e-02
221.5 -1.2409e-02 
222.5 -1.2409e-02
222.5 5.9069e-02 
223.5 5.9069e-02
223.5 1.1055e-02 
224.5 1.1055e-02
224.5 -3.7191e-03 
225.5 -3.7191e-03
225.5 -1.5076e-02 
226.5 -1.5076e-02
226.5 -3.3863e-02 
227.5 -3.3863e-02
227.5 -1.1833e-02 
228.5 -1.1833e-02
228.5 -3.4609e-03 
229.5 -3.4609e-03
229.5 4.6023e-02 
230.5 4.6023e-02
230.5 -2.1648e-02 
231.5 -2.1648e-02
231.5 1.7990e-02 
232.5 1.7990e-02
232.5 -1.8722e-02 
233.5 -1.8722e-02
233.5 -1.4593e-03 
234.5 -1.4593e-03
234.5 -3.2031e-02 
235.5 -3.2031e-02
235.5 1.7651e-02 
236.5 1.7651e-02
236.5 -5.0261e-04 
237.5 -5.0261e-04
237.5 1.8240e-02 
238.5 1.8240e-02
238.5 1.9297e-02 
239.5 1.9297e-02
239.5 -3.8793e-02 
240.5 -3.8793e-02
240.5 -5.0571e-02 
241.5 -5.0571e-02
241.5 -5.0085e-02 
242.5 -5.0085e-02
242.5 -6.3378e-02 
243.5 -6.3378e-02
243.5 -3.0388e-02 
244.5 -3.0388e-02
244.5 -1.8380e-02 
245.5 -1.8380e-02
245.5 -3.6480e-02 
246.5 -3.6480e-02
246.5 2.2404e-02 
247.5 2.2404e-02
247.5 -1.7838e-02 
248.5 -1.7838e-02
248.5 -1.8430e-02 
249.5 -1.8430e-02
249.5 -2.0053e-02 
250.5 -2.0053e-02
250.5 -2.7501e-02 
251.5 -2.7501e-02
251.5 1.9759e-02 
252.5 1.9759e-02
252.5 -1.4499e-02 
253.5 -1.4499e-02
253.5 1.1735e-02 
254.5 1.1735e-02
254.5 -1.2352e-02 
255.5 -1.2352e-02
255.5 -3.3664e-02 
256.5 -3.3664e-02
256.5 -3.7154e-03 
257.5 -3.7154e-03
257.5 4.7641e-02 
258.5 4.7641e-02
258.5 2.4975e-02 
259.5 2.4975e-02
259.5 -2.2582e-02 
260.5 -2.2582e-02
260.5 -1.8433e-02 
261.5 -1.8433e-02
261.5 -2.1960e-02 
262.5 -2.1960e-02
262.5 -4.7587e-02 
263.5 -4.7587e-02
263.5 -8.3289e-02 
264.5 -8.3289e-02
264.5 -1.8674e-02 
265.5 -1.8674e-02
265.5 -3.4815e-02 
266.5 -3.4815e-02
266.5 -2.9224e-02 
267.5 -2.9224e-02
267.5 2.9544e-02 
268.5 2.9544e-02
268.5 1.6439e-02 
269.5 1.6439e-02
269.5 3.0075e-02 
270.5 3.0075e-02
270.5 5.7684e-02 
271.5 5.7684e-02
271.5 5.7018e-02 
272.5 5.7018e-02
272.5 7.5431e-02 
273.5 7.5431e-02
273.5 5.3089e-02 
274.5 5.3089e-02
274.5 3.6497e-02 
275.5 3.6497e-02
275.5 4.9757e-02 
276.5 4.9757e-02
276.5 -2.0774e-02 
277.5 -2.0774e-02
277.5 -2.8360e-02 
278.5 -2.8360e-02
278.5 -1.7221e-02 
279.5 -1.7221e-02
279.5 -1.1064e-02 
280.5 -1.1064e-02
280.5 2.9523e-02 
281.5 2.9523e-02
281.5 2.5802e-02 
282.5 2.5802e-02
282.5 5.7486e-02 
283.5 5.7486e-02
283.5 8.4028e-02 
284.5 8.4028e-02
284.5 2.3853e-02 
285.5 2.3853e-02
285.5 8.0787e-02 
286.5 8.0787e-02
286.5 1.0902e-01 
287.5 1.0902e-01
287.5 3.2843e-02 
288.5 3.2843e-02
288.5 1.5571e-02 
289.5 1.5571e-02
289.5 5.9822e-03 
290.5 5.9822e-03
290.5 -9.8554e-03 
291.5 -9.8554e-03
291.5 -1.6042e-02 
292.5 -1.6042e-02
292.5 -8.5493e-02 
293.5 -8.5493e-02
293.5 -4.5490e-02 
294.5 -4.5490e-02
294.5 -4.3017e-02 
295.5 -4.3017e-02
295.5 4.1982e-02 
296.5 4.1982e-02
296.5 7.1437e-02 
297.5 7.1437e-02
297.5 2.3768e-02 
298.5 2.3768e-02
298.5 5.5468e-02 
299.5 5.5468e-02
299.5 3.2253e-02 
300.5 3.2253e-02
300.5 -2.5586e-02 
301.5 -2.5586e-02
301.5 -6.9081e-03 
302.5 -6.9081e-03
302.5 -7.1509e-02 
303.5 -7.1509e-02
303.5 -5.7112e-02 
304.5 -5.7112e-02
304.5 -9.4984e-02 
305.5 -9.4984e-02
305.5 -4.5571e-02 
306.5 -4.5571e-02
306.5 -6.0988e-02 
307.5 -6.0988e-02
307.5 -3.7916e-02 
308.5 -3.7916e-02
308.5 -3.1578e-02 
309.5 -3.1578e-02
309.5 -2.8997e-02 
310.5 -2.8997e-02
310.5 5.3082e-03 
311.5 5.3082e-03
311.5 3.1023e-02 
312.5 3.1023e-02
312.5 1.9146e-02 
313.5 1.9146e-02
313.5 1.7449e-02 
314.5 1.7449e-02
314.5 2.8124e-02 
315.5 2.8124e-02
315.5 -9.0308e-03 
316.5 -9.0308e-03
316.5 4.3508e-03 
317.5 4.3508e-03
317.5 -1.0236e-02 
318.5 -1.0236e-02
318.5 -9.7972e-02 
319.5 -9.7972e-02
319.5 -6.4360e-02 
320.5 -6.4360e-02
320.5 -4.6814e-02 
321.5 -4.6814e-02
321.5 -3.4232e-02 
322.5 -3.4232e-02
322.5 4.2489e-05 
323.5 4.2489e-05
323.5 1.8010e-02 
324.5 1.8010e-02
324.5 2.7395e-02 
325.5 2.7395e-02
325.5 4.6294e-02 
326.5 4.6294e-02
326.5 3.1192e-02 
327.5 3.1192e-02
327.5 6.4716e-02 
328.5 6.4716e-02
328.5 -1.4671e-02 
329.5 -1.4671e-02
329.5 -1.7674e-02 
330.5 -1.7674e-02
330.5 1.8292e-02 
331.5 1.8292e-02
331.5 -3.4156e-02 
332.5 -3.4156e-02
332.5 -5.0943e-02 
333.5 -5.0943e-02
333.5 -1.7992e-02 
334.5 -1.7992e-02
334.5 -1.4012e-03 
335.5 -1.4012e-03
335.5 5.2441e-02 
336.5 5.2441e-02
336.5 2.6102e-02 
337.5 2.6102e-02
337.5 -1.3639e-02 
338.5 -1.3639e-02
338.5 1.8316e-02 
339.5 1.8316e-02
339.5 7.5203e-03 
340.5 7.5203e-03
340.5 1.4217e-02 
341.5 1.4217e-02
341.5 5.2795e-02 
342.5 5.2795e-02
342.5 3.7963e-02 
343.5 3.7963e-02
343.5 2.1716e-02 
344.5 2.1716e-02
344.5 -5.4655e-02 
345.5 -5.4655e-02
345.5 3.8288e-02 
346.5 3.8288e-02
346.5 1.9566e-02 
347.5 1.9566e-02
347.5 4.9479e-02 
348.5 4.9479e-02
348.5 6.6259e-02 
349.5 6.6259e-02
349.5 -1.2671e-02 
350.5 -1.2671e-02
350.5 -2.1160e-02 
351.5 -2.1160e-02
351.5 -2.3799e-02 
352.5 -2.3799e-02
352.5 5.4596e-03 
353.5 5.4596e-03
353.5 -3.9491e-02 
354.5 -3.9491e-02
354.5 -1.9949e-02 
355.5 -1.9949e-02
355.5 4.3688e-03 
356.5 4.3688e-03
356.5 -1.9488e-03 
357.5 -1.9488e-03
357.5 -5.1208e-04 
358.5 -5.1208e-04
358.5 2.4486e-02 
359.5 2.4486e-02
359.5 7.2512e-02 
360.5 7.2512e-02
360.5 2.4660e-02 
361.5 2.4660e-02
361.5 9.0452e-02 
362.5 9.0452e-02
362.5 5.9887e-02 
363.5 5.9887e-02
363.5 3.6955e-02 
364.5 3.6955e-02
364.5 2.6857e-02 
365.5 2.6857e-02
365.5 2.5309e-02 
366.5 2.5309e-02
366.5 -8.1573e-03 
367.5 -8.1573e-03
367.5 -1.4708e-02 
368.5 -1.4708e-02
368.5 -5.0021e-03 
369.5 -5.0021e-03
369.5 -4.1344e-03 
370.5 -4.1344e-03
370.5 -3.1970e-03 
371.5 -3.1970e-03
371.5 -1.9289e-02 
372.5 -1.9289e-02
372.5 4.8430e-02 
373.5 4.8430e-02
373.5 1.0165e-02 
374.5 1.0165e-02
374.5 -2.7530e-02 
375.5 -2.7530e-02
375.5 -6.6105e-02 
376.5 -6.6105e-02
376.5 -1.8091e-02 
377.5 -1.8091e-02
377.5 -4.8479e-02 
378.5 -4.8479e-02
378.5 -8.2709e-02 
379.5 -8.2709e-02
379.5 -1.5697e-02 
380.5 -1.5697e-02
380.5 1.7802e-02 
381.5 1.7802e-02
381.5 3.9683e-02 
382.5 3.9683e-02
382.5 -1.0895e-02 
383.5 -1.0895e-02
383.5 2.5283e-02 
384.5 2.5283e-02
384.5 -6.5096e-03 
385.5 -6.5096e-03
385.5 6.6613e-04 
386.5 6.6613e-04
386.5 -2.2556e-02 
387.5 -2.2556e-02
387.5 -2.2381e-02 
388.5 -2.2381e-02
388.5 -2.0184e-02 
389.5 -2.0184e-02
389.5 -1.3801e-02 
390.5 -1.3801e-02
390.5 3.3486e-02 
391.5 3.3486e-02
391.5 5.3133e-02 
392.5 5.3133e-02
392.5 3.2264e-02 
393.5 3.2264e-02
393.5 9.1000e-03 
394.5 9.1000e-03
394.5 1.6455e-02 
395.5 1.6455e-02
395.5 5.6442e-03 
396.5 5.6442e-03
396.5 4.9913e-02 
397.5 4.9913e-02
397.5 3.2993e-02 
398.5 3.2993e-02
398.5 5.1768e-02 
399.5 5.1768e-02
399.5 1.2140e-01 
400.5 1.2140e-01
400.5 3.2208e-02 
401.5 3.2208e-02
401.5 6.6602e-02 
402.5 6.6602e-02
402.5 3.3008e-02 
403.5 3.3008e-02
403.5 6.3626e-02 
404.5 6.3626e-02
404.5 3.1217e-02 
405.5 3.1217e-02
405.5 1.0110e-02 
406.5 1.0110e-02
406.5 -2.4796e-02 
407.5 -2.4796e-02
407.5 1.0100e-02 
408.5 1.0100e-02
408.5 2.4566e-02 
409.5 2.4566e-02
409.5 3.1657e-02 
410.5 3.1657e-02
410.5 1.8637e-02 
411.5 1.8637e-02
411.5 -4.4950e-02 
412.5 -4.4950e-02
412.5 -3.9536e-02 
413.5 -3.9536e-02
413.5 -7.5572e-02 
414.5 -7.5572e-02
414.5 2.7961e-02 
415.5 2.7961e-02
415.5 3.5822e-02 
416.5 3.5822e-02
416.5 -4.2637e-02 
417.5 -4.2637e-02
417.5 -3.5828e-02 
418.5 -3.5828e-02
418.5 -3.4840e-02 
419.5 -3.4840e-02
419.5 -2.3391e-02 
420.5 -2.3391e-02
420.5 -6.7108e-02 
421.5 -6.7108e-02
421.5 -1.1155e-02 
422.5 -1.1155e-02
422.5 -3.9621e-02 
423.5 -3.9621e-02
423.5 3.5138e-02 
424.5 3.5138e-02
424.5 3.0011e-02 
425.5 3.0011e-02
425.5 1.4021e-02 
426.5 1.4021e-02
426.5 -9.2144e-03 
427.5 -9.2144e-03
427.5 6.3232e-02 
428.5 6.3232e-02
428.5 9.2940e-02 
429.5 9.2940e-02
429.5 3.6628e-02 
430.5 3.6628e-02
430.5 -3.7025e-02 
431.5 -3.7025e-02
431.5 -2.2349e-02 
432.5 -2.2349e-02
432.5 -2.1525e-02 
433.5 -2.1525e-02
433.5 -6.2413e-02 
434.5 -6.2413e-02
434.5 -9.2018e-02 
435.5 -9.2018e-02
435.5 -9.4992e-02 
436.5 -9.4992e-02
436.5 -5.2152e-02 
437.5 -5.2152e-02
437.5 -5.7964e-02 
438.5 -5.7964e-02
438.5 -5.1111e-02 
439.5 -5.1111e-02
439.5 -3.0109e-02 
440.5 -3.0109e-02
440.5 2.0999e-02 
441.5 2.0999e-02
441.5 1.7266e-02 
442.5 1.7266e-02
442.5 -3.0854e-02 
443.5 -3.0854e-02
443.5 -1.0178e-02 
444.5 -1.0178e-02
444.5 -8.6873e-02 
445.5 -8.6873e-02
445.5 -3.9479e-02 
446.5 -3.9479e-02
446.5 -6.7609e-02 
447.5 -6.7609e-02
447.5 -9.1232e-02 
448.5 -9.1232e-02
448.5 -5.4544e-02 
449.5 -5.4544e-02
449.5 -3.0139e-02 
450.5 -3.0139e-02
450.5 -5.1333e-02 
451.5 -5.1333e-02
451.5 -3.3210e-03 
452.5 -3.3210e-03
452.5 6.0798e-02 
453.5 6.0798e-02
453.5 7.5245e-02 
454.5 7.5245e-02
454.5 1.0930e-01 
455.5 1.0930e-01
455.5 6.4867e-02 
456.5 6.4867e-02
456.5 1.0411e-01 
457.5 1.0411e-01
457.5 7.8761e-02 
458.5 7.8761e-02
458.5 3.9320e-02 
459.5 3.9320e-02
459.5 6.2429e-02 
460.5 6.2429e-02
460.5 9.5459e-02 
461.5 9.5459e-02
461.5 5.3542e-02 
462.5 5.3542e-02
462.5 -3.6643e-02 
463.5 -3.6643e-02
463.5 -2.5651e-02 
464.5 -2.5651e-02
464.5 -5.3754e-02 
465.5 -5.3754e-02
465.5 -5.3882e-02 
466.5 -5.3882e-02
466.5 4.6177e-03 
467.5 4.6177e-03
467.5 1.7623e-02 
468.5 1.7623e-02
468.5 -3.1078e-02 
469.5 -3.1078e-02
469.5 8.2357e-03 
470.5 8.2357e-03
470.5 3.1896e-02 
471.5 3.1896e-02
471.5 1.8029e-04 
472.5 1.8029e-04
472.5 -3.6638e-02 
473.5 -3.6638e-02
473.5 -8.4575e-02 
474.5 -8.4575e-02
474.5 -3.7629e-02 
475.5 -3.7629e-02
475.5 -4.0860e-02 
476.5 -4.0860e-02
476.5 1.8727e-02 
477.5 1.8727e-02
477.5 4.2728e-02 
478.5 4.2728e-02
478.5 -5.1298e-03 
479.5 -5.1298e-03
479.5 2.8146e-02 
480.5 2.8146e-02
480.5 6.0021e-02 
481.5 6.0021e-02
481.5 1.9695e-02 
482.5 1.9695e-02
482.5 -5.0782e-03 
483.5 -5.0782e-03
483.5 -2.0299e-02 
484.5 -2.0299e-02
484.5 -3.0536e-02 
485.5 -3.0536e-02
485.5 -4.0227e-02 
486.5 -4.0227e-02
486.5 -3.0708e-02 
487.5 -3.0708e-02
487.5 2.7005e-02 
488.5 2.7005e-02
488.5 4.2888e-02 
489.5 4.2888e-02
489.5 -2.1733e-02 
490.5 -2.1733e-02
490.5 -4.8718e-02 
491.5 -4.8718e-02
491.5 -3.3743e-02 
492.5 -3.3743e-02
492.5 -2.5829e-02 
493.5 -2.5829e-02
493.5 -1.3041e-02 
494.5 -1.3041e-02
494.5 -1.9566e-02 
495.5 -1.9566e-02
495.5 2.9440e-02 
496.5 2.9440e-02
496.5 3.8731e-02 
497.5 3.8731e-02
497.5 6.3834e-02 
498.5 6.3834e-02
498.5 3.1577e-02 
499.5 3.1577e-02
499.5 -6.5382e-02 
500.5 -6.5382e-02
500.5 -7.7490e-02 
501.5 -7.7490e-02
501.5 -4.3770e-02 
502.5 -4.3770e-02
502.5 -1.5625e-01 
503.5 -1.5625e-01
503.5 -2.8491e-02 
504.5 -2.8491e-02
504.5 -2.4838e-02 
505.5 -2.4838e-02
505.5 -3.9495e-02 
506.5 -3.9495e-02
506.5 -8.6836e-02 
507.5 -8.6836e-02
507.5 -5.8567e-02 
508.5 -5.8567e-02
508.5 -6.7711e-02 
509.5 -6.7711e-02
509.5 -1.6605e-02 
510.5 -1.6605e-02
510.5 -1.0333e-01 
511.5 -1.0333e-01
511.5 -5.4713e-02 
512.5 -5.4713e-02
512.5 -1.5549e-02 
513.5 -1.5549e-02
513.5 1.9654e-02 
514.5 1.9654e-02
514.5 -1.6093e-02 
515.5 -1.6093e-02
515.5 -9.5302e-02 
516.5 -9.5302e-02
516.5 -1.1971e-01 
517.5 -1.1971e-01
517.5 -8.3667e-02 
518.5 -8.3667e-02
518.5 -4.0485e-02 
519.5 -4.0485e-02
519.5 -1.7860e-02 
520.5 -1.7860e-02
520.5 -3.7302e-02 
521.5 -3.7302e-02
521.5 1.1007e-02 
522.5 1.1007e-02
522.5 -7.1783e-03 
523.5 -7.1783e-03
523.5 -6.4687e-02 
524.5 -6.4687e-02
524.5 -4.4069e-02 
525.5 -4.4069e-02
525.5 2.0297e-02 
526.5 2.0297e-02
526.5 6.0620e-02 
527.5 6.0620e-02
527.5 4.6898e-02 
528.5 4.6898e-02
528.5 1.1884e-02 
529.5 1.1884e-02
529.5 -2.6045e-02 
530.5 -2.6045e-02
530.5 -8.8046e-03 
531.5 -8.8046e-03
531.5 -3.0761e-02 
532.5 -3.0761e-02
532.5 2.7127e-02 
533.5 2.7127e-02
533.5 1.1470e-01 
534.5 1.1470e-01
534.5 5.2847e-02 
535.5 5.2847e-02
535.5 6.1091e-02 
536.5 6.1091e-02
536.5 3.2963e-02 
537.5 3.2963e-02
537.5 1.4743e-02 
538.5 1.4743e-02
538.5 -7.6033e-02 
539.5 -7.6033e-02
539.5 -7.8840e-02 
540.5 -7.8840e-02
540.5 1.5359e-02 
541.5 1.5359e-02
541.5 -4.2606e-02 
542.5 -4.2606e-02
542.5 -4.8084e-02 
543.5 -4.8084e-02
543.5 -4.8777e-03 
544.5 -4.8777e-03
544.5 5.3050e-02 
545.5 5.3050e-02
545.5 3.7902e-02 
546.5 3.7902e-02
546.5 3.4266e-05 
547.5 3.4266e-05
547.5 -2.2565e-02 
548.5 -2.2565e-02
548.5 -4.1017e-02 
549.5 -4.1017e-02
549.5 -1.1550e-01 
550.5 -1.1550e-01
550.5 -1.1198e-01 
551.5 -1.1198e-01
551.5 -1.2276e-01 
552.5 -1.2276e-01
552.5 -7.4528e-02 
553.5 -7.4528e-02
553.5 -4.9623e-02 
554.5 -4.9623e-02
554.5 -1.6890e-02 
555.5 -1.6890e-02
555.5 3.4395e-02 
556.5 3.4395e-02
556.5 2.0409e-02 
557.5 2.0409e-02
557.5 -1.0359e-02 
558.5 -1.0359e-02
558.5 -5.4714e-02 
559.5 -5.4714e-02
559.5 -2.5866e-02 
560.5 -2.5866e-02
560.5 7.7210e-03 
561.5 7.7210e-03
561.5 -3.9978e-02 
562.5 -3.9978e-02
562.5 -6.8009e-02 
563.5 -6.8009e-02
563.5 2.2098e-02 
564.5 2.2098e-02
564.5 1.2435e-01 
565.5 1.2435e-01
565.5 6.5241e-02 
566.5 6.5241e-02
566.5 9.9924e-02 
567.5 9.9924e-02
567.5 3.9096e-02 
568.5 3.9096e-02
568.5 3.8376e-02 
569.5 3.8376e-02
569.5 6.9053e-02 
570.5 6.9053e-02
570.5 1.0049e-01 
571.5 1.0049e-01
571.5 7.4988e-02 
572.5 7.4988e-02
572.5 3.0242e-02 
573.5 3.0242e-02
573.5 3.4900e-02 
574.5 3.4900e-02
574.5 2.4287e-02 
575.5 2.4287e-02
575.5 -1.7854e-02 
576.5 -1.7854e-02
576.5 -8.0242e-02 
577.5 -8.0242e-02
577.5 -5.8263e-02 
578.5 -5.8263e-02
578.5 -2.2095e-02 
579.5 -2.2095e-02
579.5 1.3371e-02 
580.5 1.3371e-02
580.5 -5.0414e-02 
581.5 -5.0414e-02
581.5 1.2123e-02 
582.5 1.2123e-02
582.5 3.7666e-02 
583.5 3.7666e-02
583.5 -1.1465e-01 
584.5 -1.1465e-01
584.5 -1.6573e-02 
585.5 -1.6573e-02
585.5 -5.7042e-03 
586.5 -5.7042e-03
586.5 -4.9099e-03 
587.5 -4.9099e-03
587.5 7.9217e-03 
588.5 7.9217e-03
588.5 -1.4519e-02 
589.5 -1.4519e-02
589.5 -3.5871e-02 
590.5 -3.5871e-02
590.5 -2.2003e-03 
591.5 -2.2003e-03
591.5 2.2742e-02 
592.5 2.2742e-02
592.5 2.9210e-03 
593.5 2.9210e-03
593.5 4.2810e-02 
594.5 4.2810e-02
594.5 -1.4094e-02 
595.5 -1.4094e-02
595.5 1.9622e-02 
596.5 1.9622e-02
596.5 -5.4289e-03 
597.5 -5.4289e-03
597.5 6.5696e-02 
598.5 6.5696e-02
598.5 -1.3251e-02 
599.5 -1.3251e-02
599.5 -3.6586e-02 
600.5 -3.6586e-02
600.5 4.6239e-02 
601.5 4.6239e-02
601.5 5.3448e-02 
602.5 5.3448e-02
602.5 -1.1639e-02 
603.5 -1.1639e-02
603.5 -2.2290e-02 
604.5 -2.2290e-02
604.5 -3.0574e-02 
605.5 -3.0574e-02
605.5 1.6767e-02 
606.5 1.6767e-02
606.5 5.5816e-02 
607.5 5.5816e-02
607.5 2.8501e-02 
608.5 2.8501e-02
608.5 6.0217e-03 
609.5 6.0217e-03
609.5 3.0878e-02 
610.5 3.0878e-02
610.5 3.3592e-02 
611.5 3.3592e-02
611.5 4.5775e-02 
612.5 4.5775e-02
612.5 -2.7009e-02 
613.5 -2.7009e-02
613.5 6.8235e-03 
614.5 6.8235e-03
614.5 1.0881e-02 
615.5 1.0881e-02
615.5 1.2012e-02 
616.5 1.2012e-02
616.5 1.9489e-02 
617.5 1.9489e-02
617.5 2.8006e-02 
618.5 2.8006e-02
618.5 -2.6398e-02 
619.5 -2.6398e-02
619.5 -2.1706e-02 
620.5 -2.1706e-02
620.5 -6.8453e-02 
621.5 -6.8453e-02
621.5 -8.1428e-02 
622.5 -8.1428e-02
622.5 -5.4405e-02 
623.5 -5.4405e-02
623.5 -1.0655e-02 
624.5 -1.0655e-02
624.5 9.1683e-02 
625.5 9.1683e-02
625.5 1.8477e-02 
626.5 1.8477e-02
626.5 8.6521e-03 
627.5 8.6521e-03
627.5 -2.7915e-02 
628.5 -2.7915e-02
628.5 4.8500e-03 
629.5 4.8500e-03
629.5 1.8200e-02 
630.5 1.8200e-02
630.5 -1.4670e-02 
631.5 -1.4670e-02
631.5 -4.4581e-03 
632.5 -4.4581e-03
632.5 -8.3103e-03 
633.5 -8.3103e-03
633.5 1.6195e-02 
634.5 1.6195e-02
634.5 -4.8999e-03 
635.5 -4.8999e-03
635.5 -4.7817e-02 
636.5 -4.7817e-02
636.5 -9.0316e-02 
637.5 -9.0316e-02
637.5 -5.5068e-03 
638.5 -5.5068e-03
638.5 -1.2545e-02 
639.5 -1.2545e-02
639.5 -3.1584e-02 
640.5 -3.1584e-02
640.5 -1.5709e-02 
641.5 -1.5709e-02
641.5 -4.0406e-02 
642.5 -4.0406e-02
642.5 6.7816e-02 
643.5 6.7816e-02
643.5 2.5860e-02 
644.5 2.5860e-02
644.5 1.4459e-02 
645.5 1.4459e-02
645.5 -1.4375e-02 
646.5 -1.4375e-02
646.5 -3.2374e-03 
647.5 -3.2374e-03
647.5 -3.2429e-02 
648.5 -3.2429e-02
648.5 -2.4952e-02 
649.5 -2.4952e-02
649.5 -3.7208e-02 
650.5 -3.7208e-02
650.5 -5.2550e-02 
651.5 -5.2550e-02
651.5 4.3128e-02 
652.5 4.3128e-02
652.5 9.9398e-02 
653.5 9.9398e-02
653.5 1.0717e-01 
654.5 1.0717e-01
654.5 1.0738e-01 
655.5 1.0738e-01
655.5 4.8207e-02 
656.5 4.8207e-02
656.5 4.3434e-02 
657.5 4.3434e-02
657.5 4.0908e-02 
658.5 4.0908e-02
658.5 -2.3120e-02 
659.5 -2.3120e-02
659.5 -6.0136e-03 
660.5 -6.0136e-03
660.5 -3.5952e-02 
661.5 -3.5952e-02
661.5 -5.0748e-02 
662.5 -5.0748e-02
662.5 -6.9493e-02 
663.5 -6.9493e-02
663.5 -7.4849e-02 
664.5 -7.4849e-02
664.5 -1.0533e-01 
665.5 -1.0533e-01
665.5 -7.9055e-02 
666.5 -7.9055e-02
666.5 -3.8548e-02 
667.5 -3.8548e-02
667.5 2.6738e-02 
668.5 2.6738e-02
668.5 3.2269e-02 
669.5 3.2269e-02
669.5 -1.0246e-02 
670.5 -1.0246e-02
670.5 3.4599e-03 
671.5 3.4599e-03
671.5 -8.3577e-02 
672.5 -8.3577e-02
672.5 -7.5297e-02 
673.5 -7.5297e-02
673.5 2.1650e-02 
674.5 2.1650e-02
674.5 -8.2569e-02 
675.5 -8.2569e-02
675.5 9.3255e-03 
676.5 9.3255e-03
676.5 8.3202e-03 
677.5 8.3202e-03
677.5 -2.4538e-02 
678.5 -2.4538e-02
678.5 1.1306e-02 
679.5 1.1306e-02
679.5 1.4027e-01 
680.5 1.4027e-01
680.5 7.8833e-02 
681.5 7.8833e-02
681.5 5.4364e-02 
682.5 5.4364e-02
682.5 1.0341e-01 
683.5 1.0341e-01
683.5 6.6805e-02 
684.5 6.6805e-02
684.5 3.5530e-02 
685.5 3.5530e-02
685.5 5.9715e-02 
686.5 5.9715e-02
686.5 7.2792e-02 
687.5 7.2792e-02
687.5 4.5632e-02 
688.5 4.5632e-02
688.5 4.7369e-02 
689.5 4.7369e-02
689.5 9.6145e-02 
690.5 9.6145e-02
690.5 7.5217e-02 
691.5 7.5217e-02
691.5 9.4079e-03 
692.5 9.4079e-03
692.5 -6.8973e-02 
693.5 -6.8973e-02
693.5 -5.0938e-02 
694.5 -5.0938e-02
694.5 -3.1436e-02 
695.5 -3.1436e-02
695.5 -1.0183e-02 
696.5 -1.0183e-02
696.5 1.0286e-01 
697.5 1.0286e-01
697.5 6.3501e-02 
698.5 6.3501e-02
698.5 3.9787e-02 
699.5 3.9787e-02
699.5 2.0161e-02 
700.5 2.0161e-02
700.5 -5.2213e-02 
701.5 -5.2213e-02
701.5 -3.9939e-03 
702.5 -3.9939e-03
702.5 -2.8744e-03 
703.5 -2.8744e-03
703.5 -9.4715e-02 
704.5 -9.4715e-02
704.5 -5.8030e-02 
705.5 -5.8030e-02
705.5 7.3250e-03 
706.5 7.3250e-03
706.5 -5.2843e-02 
707.5 -5.2843e-02
707.5 -3.6591e-02 
708.5 -3.6591e-02
708.5 -5.2046e-03 
709.5 -5.2046e-03
709.5 -1.9381e-02 
710.5 -1.9381e-02
710.5 1.1502e-03 
711.5 1.1502e-03
711.5 7.3567e-02 
712.5 7.3567e-02
712.5 -1.8556e-02 
713.5 -1.8556e-02
713.5 -4.9738e-02 
714.5 -4.9738e-02
714.5 -5.1788e-02 
715.5 -5.1788e-02
715.5 -1.0221e-01 
716.5 -1.0221e-01
716.5 -8.3538e-02 
717.5 -8.3538e-02
717.5 -4.0750e-03 
718.5 -4.0750e-03
718.5 -5.3076e-04 
719.5 -5.3076e-04
719.5 -3.8834e-02 
720.5 -3.8834e-02
720.5 2.3087e-03 
721.5 2.3087e-03
721.5 3.5324e-02 
722.5 3.5324e-02
722.5 2.8694e-02 
723.5 2.8694e-02
723.5 9.0810e-02 
724.5 9.0810e-02
724.5 9.0536e-02 
725.5 9.0536e-02
725.5 1.0878e-02 
726.5 1.0878e-02
726.5 -1.1249e-02 
727.5 -1.1249e-02
727.5 1.3040e-01 
728.5 1.3040e-01
728.5 9.8784e-02 
729.5 9.8784e-02
729.5 1.0933e-01 
730.5 1.0933e-01
730.5 1.0440e-01 
731.5 1.0440e-01
731.5 1.1272e-01 
732.5 1.1272e-01
732.5 1.1346e-01 
733.5 1.1346e-01
733.5 5.5785e-02 
734.5 5.5785e-02
734.5 7.2228e-02 
735.5 7.2228e-02
735.5 4.8115e-02 
736.5 4.8115e-02
736.5 1.9470e-02 
737.5 1.9470e-02
737.5 7.1223e-02 
738.5 7.1223e-02
738.5 6.4692e-02 
739.5 6.4692e-02
739.5 3.7835e-02 
740.5 3.7835e-02
740.5 5.5497e-02 
741.5 5.5497e-02
741.5 1.1088e-01 
742.5 1.1088e-01
742.5 9.9639e-02 
743.5 9.9639e-02
743.5 1.4527e-01 
744.5 1.4527e-01
744.5 3.7108e-02 
745.5 3.7108e-02
745.5 1.8758e-02 
746.5 1.8758e-02
746.5 -1.1419e-01 
747.5 -1.1419e-01
747.5 -9.2507e-02 
748.5 -9.2507e-02
748.5 -8.2551e-02 
749.5 -8.2551e-02
749.5 4.1293e-02 
750.5 4.1293e-02
750.5 1.2654e-01 
751.5 1.2654e-01
751.5 1.2226e-01 
752.5 1.2226e-01
752.5 3.1278e-02 
753.5 3.1278e-02
753.5 5.2972e-02 
754.5 5.2972e-02
754.5 9.1942e-02 
755.5 9.1942e-02
755.5 1.1517e-01 
756.5 1.1517e-01
756.5 1.7212e-01 
757.5 1.7212e-01
757.5 6.2902e-02 
758.5 6.2902e-02
758.5 3.8537e-02 
759.5 3.8537e-02
759.5 -8.6370e-02 
760.5 -8.6370e-02
760.5 -1.1653e-01 
761.5 -1.1653e-01
761.5 -3.4825e-02 
762.5 -3.4825e-02
762.5 -3.3651e-02 
763.5 -3.3651e-02
763.5 1.1808e-01 
764.5 1.1808e-01
764.5 1.2846e-01 
765.5 1.2846e-01
765.5 1.0968e-01 
766.5 1.0968e-01
766.5 1.0935e-02 
767.5 1.0935e-02
767.5 1.3472e-02 
768.5 1.3472e-02
768.5 -4.2788e-03 
769.5 -4.2788e-03
769.5 1.2343e-01 
770.5 1.2343e-01
770.5 5.2789e-02 
771.5 5.2789e-02
771.5 -8.5678e-03 
772.5 -8.5678e-03
772.5 -1.0011e-02 
773.5 -1.0011e-02
773.5 -9.4620e-02 
774.5 -9.4620e-02
774.5 -1.3927e-01 
775.5 -1.3927e-01
775.5 -7.9992e-02 
776.5 -7.9992e-02
776.5 8.0471e-03 
777.5 8.0471e-03
777.5 -7.4315e-02 
778.5 -7.4315e-02
778.5 -9.4142e-02 
779.5 -9.4142e-02
779.5 -7.2261e-02 
780.5 -7.2261e-02
780.5 -7.9302e-02 
781.5 -7.9302e-02
781.5 -1.1054e-01 
782.5 -1.1054e-01
782.5 -1.4241e-01 
783.5 -1.4241e-01
783.5 -4.7222e-02 
784.5 -4.7222e-02
784.5 -5.6131e-02 
785.5 -5.6131e-02
785.5 -7.8341e-02 
786.5 -7.8341e-02
786.5 -1.8795e-01 
787.5 -1.8795e-01
787.5 -1.1485e-01 
788.5 -1.1485e-01
788.5 -2.5948e-02 
789.5 -2.5948e-02
789.5 -2.9298e-02 
790.5 -2.9298e-02
790.5 -1.0009e-01 
791.5 -1.0009e-01
791.5 -6.9610e-02 
792.5 -6.9610e-02
792.5 -6.1527e-03 
793.5 -6.1527e-03
793.5 -6.4465e-02 
794.5 -6.4465e-02
794.5 -4.9025e-02 
795.5 -4.9025e-02
795.5 -3.0190e-02 
796.5 -3.0190e-02
796.5 -3.0528e-03 
797.5 -3.0528e-03
797.5 -5.2590e-02 
798.5 -5.2590e-02
798.5 1.0109e-03 
799.5 1.0109e-03
799.5 -3.7538e-02 
800.5 -3.7538e-02
800.5 -2.0081e-02 
801.5 -2.0081e-02
801.5 4.4702e-02 
802.5 4.4702e-02
802.5 8.5690e-02 
803.5 8.5690e-02
803.5 1.5367e-02 
804.5 1.5367e-02
804.5 -1.2701e-01 
805.5 -1.2701e-01
805.5 1.5156e-02 
806.5 1.5156e-02
806.5 -1.4595e-03 
807.5 -1.4595e-03
807.5 -1.4887e-03 
808.5 -1.4887e-03
808.5 2.1403e-02 
809.5 2.1403e-02
809.5 5.5804e-02 
810.5 5.5804e-02
810.5 -4.7154e-02 
811.5 -4.7154e-02
811.5 8.1814e-03 
812.5 8.1814e-03
812.5 4.3286e-02 
813.5 4.3286e-02
813.5 -4.3789e-02 
814.5 -4.3789e-02
814.5 1.9012e-02 
815.5 1.9012e-02
815.5 5.2013e-02 
816.5 5.2013e-02
816.5 8.8207e-02 
817.5 8.8207e-02
817.5 -6.1812e-03 
818.5 -6.1812e-03
818.5 1.6199e-02 
819.5 1.6199e-02
819.5 -6.3068e-02 
820.5 -6.3068e-02
820.5 -4.2694e-02 
821.5 -4.2694e-02
821.5 3.5295e-02 
822.5 3.5295e-02
822.5 -9.7162e-02 
823.5 -9.7162e-02
823.5 -7.1717e-02 
824.5 -7.1717e-02
824.5 -5.5423e-02 
825.5 -5.5423e-02
825.5 4.2402e-02 
826.5 4.2402e-02
826.5 1.2309e-02 
827.5 1.2309e-02
827.5 5.7170e-02 
828.5 5.7170e-02
828.5 4.7564e-03 
829.5 4.7564e-03
829.5 -4.0827e-02 
830.5 -4.0827e-02
830.5 -3.9896e-02 
831.5 -3.9896e-02
831.5 -1.8992e-02 
832.5 -1.8992e-02
832.5 3.7555e-02 
833.5 3.7555e-02
833.5 3.1455e-02 
834.5 3.1455e-02
834.5 1.1858e-01 
835.5 1.1858e-01
835.5 6.6280e-02 
836.5 6.6280e-02
836.5 3.5583e-03 
837.5 3.5583e-03
837.5 3.9373e-02 
838.5 3.9373e-02
838.5 1.4023e-01 
839.5 1.4023e-01
839.5 1.0967e-01 
840.5 1.0967e-01
840.5 1.6109e-01 
841.5 1.6109e-01
841.5 1.0279e-01 
842.5 1.0279e-01
842.5 4.6622e-02 
843.5 4.6622e-02
843.5 1.6701e-01 
844.5 1.6701e-01
844.5 7.4018e-02 
845.5 7.4018e-02
845.5 4.7025e-04 
846.5 4.7025e-04
846.5 -8.1983e-02 
847.5 -8.1983e-02
847.5 5.9950e-02 
848.5 5.9950e-02
848.5 -1.5925e-03 
849.5 -1.5925e-03
849.5 4.8840e-02 
850.5 4.8840e-02
850.5 9.4333e-02 
851.5 9.4333e-02
851.5 8.5849e-02 
852.5 8.5849e-02
852.5 1.5857e-01 
853.5 1.5857e-01
853.5 1.5907e-01 
854.5 1.5907e-01
854.5 2.5371e-01 
855.5 2.5371e-01
855.5 5.8236e-02 
856.5 5.8236e-02
856.5 2.7946e-02 
857.5 2.7946e-02
857.5 6.8556e-02 
858.5 6.8556e-02
858.5 1.9033e-02 
859.5 1.9033e-02
859.5 -1.2040e-01 
860.5 -1.2040e-01
860.5 -8.3802e-02 
861.5 -8.3802e-02
861.5 3.1104e-02 
862.5 3.1104e-02
862.5 -7.1985e-03 
863.5 -7.1985e-03
863.5 7.0060e-02 
864.5 7.0060e-02
864.5 -1.1616e-01 
865.5 -1.1616e-01
865.5 -1.3875e-01 
866.5 -1.3875e-01
866.5 -8.9126e-02 
867.5 -8.9126e-02
867.5 -8.2785e-02 
868.5 -8.2785e-02
868.5 -2.8019e-02 
869.5 -2.8019e-02
869.5 -7.0798e-04 
870.5 -7.0798e-04
870.5 -5.4755e-02 
871.5 -5.4755e-02
871.5 -2.9859e-02 
872.5 -2.9859e-02
872.5 -1.1914e-01 
873.5 -1.1914e-01
873.5 -9.7419e-03 
874.5 -9.7419e-03
874.5 1.0739e-01 
875.5 1.0739e-01
875.5 3.0482e-02 
876.5 3.0482e-02
876.5 -5.2486e-03 
877.5 -5.2486e-03
877.5 -3.3358e-02 
878.5 -3.3358e-02
878.5 -5.8176e-03 
879.5 -5.8176e-03
879.5 -1.2664e-01 
880.5 -1.2664e-01
880.5 1.4373e-02 
881.5 1.4373e-02
881.5 1.6782e-02 
882.5 1.6782e-02
882.5 7.4085e-02 
883.5 7.4085e-02
883.5 1.3360e-01 
884.5 1.3360e-01
884.5 5.3132e-02 
885.5 5.3132e-02
885.5 1.1027e-01 
886.5 1.1027e-01
886.5 9.7921e-02 
887.5 9.7921e-02
887.5 9.9398e-02 
888.5 9.9398e-02
888.5 -4.9645e-02 
889.5 -4.9645e-02
889.5 -3.3537e-02 
890.5 -3.3537e-02
890.5 -7.9939e-02 
891.5 -7.9939e-02
891.5 -1.6517e-01 
892.5 -1.6517e-01
892.5 -2.3301e-02 
893.5 -2.3301e-02
893.5 -8.2613e-02 
894.5 -8.2613e-02
894.5 -4.5529e-02 
895.5 -4.5529e-02
895.5 -1.5464e-01 
896.5 -1.5464e-01
896.5 -6.6228e-02 
897.5 -6.6228e-02
897.5 -6.0828e-02 
898.5 -6.0828e-02
898.5 -8.2391e-02 
899.5 -8.2391e-02
899.5 9.0636e-02 
900.5 9.0636e-02
900.5 3.4761e-02 
901.5 3.4761e-02
901.5 -1.8543e-02 
902.5 -1.8543e-02
902.5 -1.1695e-01 
903.5 -1.1695e-01
903.5 -8.8420e-02 
904.5 -8.8420e-02
904.5 -2.1087e-01 
905.5 -2.1087e-01
905.5 -5.1443e-02 
906.5 -5.1443e-02
906.5 2.3712e-02 
907.5 2.3712e-02
907.5 -1.9396e-01 
908.5 -1.9396e-01
908.5 -2.0309e-01 
909.5 -2.0309e-01
909.5 -2.1665e-01 
910.5 -2.1665e-01
910.5 -1.0767e-01 
911.5 -1.0767e-01
911.5 -5.9393e-02 
912.5 -5.9393e-02
912.5 9.0568e-03 
913.5 9.0568e-03
913.5 1.3377e-02 
914.5 1.3377e-02
914.5 -1.1686e-01 
915.5 -1.1686e-01
915.5 -7.7933e-02 
916.5 -7.7933e-02
916.5 -3.1740e-02 
917.5 -3.1740e-02
917.5 -4.1828e-04 
918.5 -4.1828e-04
918.5 -2.5379e-02 
919.5 -2.5379e-02
919.5 -8.1397e-02 
920.5 -8.1397e-02
920.5 -9.6237e-02 
921.5 -9.6237e-02
921.5 -1.6633e-01 
922.5 -1.6633e-01
922.5 -8.6119e-02 
923.5 -8.6119e-02
923.5 -2.1682e-01 
924.5 -2.1682e-01
924.5 -1.8093e-01 
925.5 -1.8093e-01
925.5 7.6218e-02 
926.5 7.6218e-02
926.5 2.4043e-02 
927.5 2.4043e-02
927.5 1.0256e-02 
928.5 1.0256e-02
928.5 9.6185e-02 
929.5 9.6185e-02
929.5 3.0806e-01 
930.5 3.0806e-01
930.5 9.5330e-02 
931.5 9.5330e-02
931.5 -5.9675e-02 
932.5 -5.9675e-02
932.5 -3.7040e-02 
933.5 -3.7040e-02
933.5 -1.3462e-01 
934.5 -1.3462e-01
934.5 -1.0265e-01 
935.5 -1.0265e-01
935.5 -1.2957e-01 
936.5 -1.2957e-01
936.5 -8.3481e-02 
937.5 -8.3481e-02
937.5 9.2639e-02 
938.5 9.2639e-02
938.5 3.3118e-01 
939.5 3.3118e-01
939.5 -8.6900e-02 
940.5 -8.6900e-02
940.5 -9.4049e-02 
941.5 -9.4049e-02
941.5 1.6757e-01 
942.5 1.6757e-01
942.5 -1.5690e-01 
943.5 -1.5690e-01
943.5 -7.0366e-02 
944.5 -7.0366e-02
944.5 -6.9380e-02 
945.5 -6.9380e-02
945.5 -2.3914e-01 
946.5 -2.3914e-01
946.5 -1.4292e-01 
947.5 -1.4292e-01
947.5 -2.1917e-01 
948.5 -2.1917e-01
948.5 -2.1110e-01 
949.5 -2.1110e-01
949.5 -1.4328e-01 
950.5 -1.4328e-01
950.5 1.2904e-01 
951.5 1.2904e-01
951.5 -7.7772e-02 
952.5 -7.7772e-02
952.5 1.3524e-01 
953.5 1.3524e-01
953.5 1.6739e-01 
954.5 1.6739e-01
954.5 9.9455e-02 
955.5 9.9455e-02
955.5 3.1566e-01 
956.5 3.1566e-01
956.5 1.6234e-01 
957.5 1.6234e-01
957.5 8.3932e-02 
958.5 8.3932e-02
958.5 1.5049e-01 
959.5 1.5049e-01
959.5 1.6695e-01 
960.5 1.6695e-01
960.5 8.0370e-02 
961.5 8.0370e-02
961.5 1.3292e-01 
962.5 1.3292e-01
962.5 1.7308e-01 
963.5 1.7308e-01
963.5 -2.2998e-01 
964.5 -2.2998e-01
964.5 3.8308e-02 
965.5 3.8308e-02
965.5 7.9425e-02 
966.5 7.9425e-02
966.5 1.6952e-01 
967.5 1.6952e-01
967.5 3.0597e-01 
968.5 3.0597e-01
968.5 7.8207e-02 
969.5 7.8207e-02
969.5 1.6039e-01 
970.5 1.6039e-01
970.5 2.6570e-01 
971.5 2.6570e-01
971.5 5.8543e-02 
972.5 5.8543e-02
972.5 -2.5498e-01 
973.5 -2.5498e-01
973.5 -1.0383e-02 
974.5 -1.0383e-02
974.5 -1.2789e-01 
975.5 -1.2789e-01
975.5 -1.1382e-01 
976.5 -1.1382e-01
976.5 9.3237e-02 
977.5 9.3237e-02
977.5 -5.9645e-01 
978.5 -5.9645e-01
978.5 -1.9550e-01 
979.5 -1.9550e-01
979.5 -1.1521e-01 
980.5 -1.1521e-01
980.5 -2.0699e-01 
981.5 -2.0699e-01
981.5 1.4644e-01 
982.5 1.4644e-01
982.5 1.7787e-01 
983.5 1.7787e-01
983.5 1.2026e-01 
984.5 1.2026e-01
984.5 5.6986e-01 
985.5 5.6986e-01
985.5 6.1662e-01 
986.5 6.1662e-01
986.5 5.7827e-02 
987.5 5.7827e-02
987.5 1.7974e-01 
988.5 1.7974e-01
988.5 1.8878e-01 
989.5 1.8878e-01
989.5 -4.4372e-03 
990.5 -4.4372e-03
990.5 2.2066e-01 
991.5 2.2066e-01
991.5 9.2045e-02 
992.5 9.2045e-02
992.5 7.4475e-02 
993.5 7.4475e-02
993.5 4.0100e-01 
994.5 4.0100e-01
994.5 5.6884e-01 
995.5 5.6884e-01
995.5 8.4342e-02 
996.5 8.4342e-02
996.5 -3.6970e-01 
997.5 -3.6970e-01
997.5 -3.4578e-01 
998.5 -3.4578e-01
998.5 -3.6661e-01 
999.5 -3.6661e-01
