
0 1.0000e+00
1 3.4182e-01
2 1.3658e-01
3 6.8063e-02
4 -2.4696e-03
5 -2.2134e-02
6 -1.9045e-02
7 -2.6428e-02
8 -1.6970e-02
9 6.0697e-03
10 -1.5071e-02
11 1.6067e-02
12 1.6467e-04
13 1.0960e-02
14 3.8447e-02
15 1.1842e-02
16 3.6240e-03
17 -5.4985e-02
18 -2.6933e-02
19 -2.7761e-02
20 -3.4101e-03
21 -3.7658e-02
22 -4.6098e-02
23 -4.3525e-02
24 -2.0365e-02
25 -2.1661e-02
26 3.0140e-02
27 4.1727e-02
28 2.1107e-02
29 1.4495e-02
30 -3.2607e-02
31 1.4250e-02
32 2.7845e-03
33 1.1951e-02
34 -5.8824e-03
35 1.1920e-02
36 8.2810e-03
37 8.3715e-02
38 6.9094e-02
39 1.3940e-02
40 -3.0988e-02
41 -6.5288e-02
42 -1.0657e-02
43 -4.2001e-02
44 -2.9581e-03
45 -2.1846e-03
46 -2.6905e-02
47 -1.1170e-02
48 -5.1714e-02
49 -1.2294e-02
50 -3.7016e-02
51 6.6430e-04
52 2.4262e-02
53 -2.8542e-02
54 -8.1148e-02
55 -3.1725e-02
56 -3.5010e-03
57 -1.5637e-02
58 7.7604e-04
59 1.5121e-03
60 2.9542e-02
61 1.8690e-02
62 8.8325e-03
63 5.0365e-03
64 2.5788e-02
65 2.3283e-02
66 9.3116e-03
67 7.4017e-03
68 -7.6465e-03
69 -1.6329e-02
70 -3.6796e-02
71 -4.4462e-02
72 -2.5324e-03
73 1.6908e-02
74 -6.1278e-03
75 1.0021e-02
76 5.8757e-02
77 2.6889e-02
78 2.9307e-02
79 -6.8126e-03
80 -8.5810e-03
81 3.8867e-03
82 -1.2933e-02
83 -2.1338e-02
84 1.0604e-02
85 -3.3490e-04
86 -1.5111e-02
87 -2.1801e-02
88 -1.6933e-02
89 -2.4600e-02
90 -1.1118e-02
91 -2.9903e-02
92 -4.0445e-02
93 -2.7892e-02
94 7.3744e-03
95 -1.6867e-02
96 3.5479e-04
97 -1.7826e-02
98 -2.3483e-02
99 -5.9998e-02
100 -3.4843e-02
101 -5.0488e-02
102 -4.1587e-02
103 -4.5844e-02
104 4.7388e-02
105 2.5293e-02
106 -2.7862e-02
107 -2.0920e-02
108 3.5646e-02
109 1.6715e-02
110 5.4851e-02
111 4.8461e-02
112 4.7377e-02
113 7.4945e-02
114 3.9394e-02
115 3.1963e-02
116 5.6266e-02
117 -1.0362e-02
118 9.3849e-03
119 1.8378e-02
120 -1.6593e-02
121 -1.7368e-02
122 -2.0607e-02
123 1.3941e-03
124 2.3724e-02
125 2.1249e-02
126 3.2562e-02
127 1.0688e-02
128 6.7437e-03
129 2.9520e-02
130 5.3652e-02
131 6.7862e-03
132 -1.3110e-02
133 -2.6130e-03
134 -4.3323e-02
135 -6.3740e-02
136 -4.9573e-02
137 -4.8935e-02
138 -5.5298e-02
139 -2.3976e-02
140 2.7238e-03
141 6.8584e-02
142 6.4078e-02
143 3.4252e-02
144 3.7160e-02
145 7.0988e-02
146 4.1431e-02
147 -4.8344e-02
148 -8.0793e-02
149 -8.7010e-02
150 -6.9793e-02
151 -7.8804e-02
152 -5.4591e-02
153 -4.6646e-03
154 1.2095e-02
155 2.4317e-02
156 4.7024e-02
157 5.7114e-02
158 -6.6229e-03
159 -4.2461e-02
160 -8.8705e-03
161 3.6711e-02
162 2.0172e-02
163 4.8334e-02
164 1.7731e-02
165 4.1074e-03
166 -9.2614e-03
167 -3.3943e-02
168 1.0525e-02
169 -1.0441e-02
170 -3.7990e-03
171 3.2687e-02
172 3.6642e-02
173 2.2231e-03
174 2.4966e-03
175 7.2908e-03
176 -6.6059e-03
177 -1.3995e-02
178 -2.3661e-02
179 -4.3144e-02
180 -8.8081e-02
181 -4.3282e-02
182 -3.6403e-02
183 2.6683e-02
184 -2.2507e-05
185 -5.9391e-03
186 2.7491e-02
187 8.3453e-03
188 -5.0688e-03
189 -6.7409e-02
190 -3.9410e-02
191 -2.7541e-02
192 -1.8442e-02
193 -7.7765e-02
194 -6.4492e-02
195 -1.1189e-02
196 -2.3553e-02
197 7.4165e-03
198 4.9450e-02
199 3.7121e-02
200 3.2423e-02
201 8.0376e-02
202 5.8299e-02
203 1.1939e-02
204 -6.3476e-03
205 2.3756e-02
206 6.8138e-02
207 1.4985e-02
208 2.9728e-03
209 9.4961e-03
210 1.1739e-02
211 -1.1073e-01
212 -1.0770e-01
213 -1.0998e-01
214 -3.4238e-02
215 -4.4262e-02
216 -4.2571e-02
217 -5.7904e-02
218 -2.0555e-02
219 -1.3331e-02
220 3.4081e-03
221 3.0604e-02
222 -1.2409e-02
223 5.9069e-02
224 1.1055e-02
225 -3.7191e-03
226 -1.5076e-02
227 -3.3863e-02
228 -1.1833e-02
229 -3.4609e-03
230 4.6023e-02
231 -2.1648e-02
232 1.7990e-02
233 -1.8722e-02
234 -1.4593e-03
235 -3.2031e-02
236 1.7651e-02
237 -5.0261e-04
238 1.8240e-02
239 1.9297e-02
240 -3.8793e-02
241 -5.0571e-02
242 -5.0085e-02
243 -6.3378e-02
244 -3.0388e-02
245 -1.8380e-02
246 -3.6480e-02
247 2.2404e-02
248 -1.7838e-02
249 -1.8430e-02
250 -2.0053e-02
251 -2.7501e-02
252 1.9759e-02
253 -1.4499e-02
254 1.1735e-02
255 -1.2352e-02
256 -3.3664e-02
257 -3.7154e-03
258 4.7641e-02
259 2.4975e-02
260 -2.2582e-02
261 -1.8433e-02
262 -2.1960e-02
263 -4.7587e-02
264 -8.3289e-02
265 -1.8674e-02
266 -3.4815e-02
267 -2.9224e-02
268 2.9544e-02
269 1.6439e-02
270 3.0075e-02
271 5.7684e-02
272 5.7018e-02
273 7.5431e-02
274 5.3089e-02
275 3.6497e-02
276 4.9757e-02
277 -2.0774e-02
278 -2.8360e-02
279 -1.7221e-02
280 -1.1064e-02
281 2.9523e-02
282 2.5802e-02
283 5.7486e-02
284 8.4028e-02
285 2.3853e-02
286 8.0787e-02
287 1.0902e-01
288 3.2843e-02
289 1.5571e-02
290 5.9822e-03
291 -9.8554e-03
292 -1.6042e-02
293 -8.5493e-02
294 -4.5490e-02
295 -4.3017e-02
296 4.1982e-02
297 7.1437e-02
298 2.3768e-02
299 5.5468e-02
300 3.2253e-02
301 -2.5586e-02
302 -6.9081e-03
303 -7.1509e-02
304 -5.7112e-02
305 -9.4984e-02
306 -4.5571e-02
307 -6.0988e-02
308 -3.7916e-02
309 -3.1578e-02
310 -2.8997e-02
311 5.3082e-03
312 3.1023e-02
313 1.9146e-02
314 1.7449e-02
315 2.8124e-02
316 -9.0308e-03
317 4.3508e-03
318 -1.0236e-02
319 -9.7972e-02
320 -6.4360e-02
321 -4.6814e-02
322 -3.4232e-02
323 4.2489e-05
324 1.8010e-02
325 2.7395e-02
326 4.6294e-02
327 3.1192e-02
328 6.4716e-02
329 -1.4671e-02
330 -1.7674e-02
331 1.8292e-02
332 -3.4156e-02
333 -5.0943e-02
334 -1.7992e-02
335 -1.4012e-03
336 5.2441e-02
337 2.6102e-02
338 -1.3639e-02
339 1.8316e-02
340 7.5203e-03
341 1.4217e-02
342 5.2795e-02
343 3.7963e-02
344 2.1716e-02
345 -5.4655e-02
346 3.8288e-02
347 1.9566e-02
348 4.9479e-02
349 6.6259e-02
350 -1.2671e-02
351 -2.1160e-02
352 -2.3799e-02
353 5.4596e-03
354 -3.9491e-02
355 -1.9949e-02
356 4.3688e-03
357 -1.9488e-03
358 -5.1208e-04
359 2.4486e-02
360 7.2512e-02
361 2.4660e-02
362 9.0452e-02
363 5.9887e-02
364 3.6955e-02
365 2.6857e-02
366 2.5309e-02
367 -8.1573e-03
368 -1.4708e-02
369 -5.0021e-03
370 -4.1344e-03
371 -3.1970e-03
372 -1.9289e-02
373 4.8430e-02
374 1.0165e-02
375 -2.7530e-02
376 -6.6105e-02
377 -1.8091e-02
378 -4.8479e-02
379 -8.2709e-02
380 -1.5697e-02
381 1.7802e-02
382 3.9683e-02
383 -1.0895e-02
384 2.5283e-02
385 -6.5096e-03
386 6.6613e-04
387 -2.2556e-02
388 -2.2381e-02
389 -2.0184e-02
390 -1.3801e-02
391 3.3486e-02
392 5.3133e-02
393 3.2264e-02
394 9.1000e-03
395 1.6455e-02
396 5.6442e-03
397 4.9913e-02
398 3.2993e-02
399 5.1768e-02
400 1.2140e-01
401 3.2208e-02
402 6.6602e-02
403 3.3008e-02
404 6.3626e-02
405 3.1217e-02
406 1.0110e-02
407 -2.4796e-02
408 1.0100e-02
409 2.4566e-02
410 3.1657e-02
411 1.8637e-02
412 -4.4950e-02
413 -3.9536e-02
414 -7.5572e-02
415 2.7961e-02
416 3.5822e-02
417 -4.2637e-02
418 -3.5828e-02
419 -3.4840e-02
420 -2.3391e-02
421 -6.7108e-02
422 -1.1155e-02
423 -3.9621e-02
424 3.5138e-02
425 3.0011e-02
426 1.4021e-02
427 -9.2144e-03
428 6.3232e-02
429 9.2940e-02
430 3.6628e-02
431 -3.7025e-02
432 -2.2349e-02
433 -2.1525e-02
434 -6.2413e-02
435 -9.2018e-02
436 -9.4992e-02
437 -5.2152e-02
438 -5.7964e-02
439 -5.1111e-02
440 -3.0109e-02
441 2.0999e-02
442 1.7266e-02
443 -3.0854e-02
444 -1.0178e-02
445 -8.6873e-02
446 -3.9479e-02
447 -6.7609e-02
448 -9.1232e-02
449 -5.4544e-02
450 -3.0139e-02
451 -5.1333e-02
452 -3.3210e-03
453 6.0798e-02
454 7.5245e-02
455 1.0930e-01
456 6.4867e-02
457 1.0411e-01
458 7.8761e-02
459 3.9320e-02
460 6.2429e-02
461 9.5459e-02
462 5.3542e-02
463 -3.6643e-02
464 -2.5651e-02
465 -5.3754e-02
466 -5.3882e-02
467 4.6177e-03
468 1.7623e-02
469 -3.1078e-02
470 8.2357e-03
471 3.1896e-02
472 1.8029e-04
473 -3.6638e-02
474 -8.4575e-02
475 -3.7629e-02
476 -4.0860e-02
477 1.8727e-02
478 4.2728e-02
479 -5.1298e-03
480 2.8146e-02
481 6.0021e-02
482 1.9695e-02
483 -5.0782e-03
484 -2.0299e-02
485 -3.0536e-02
486 -4.0227e-02
487 -3.0708e-02
488 2.7005e-02
489 4.2888e-02
490 -2.1733e-02
491 -4.8718e-02
492 -3.3743e-02
493 -2.5829e-02
494 -1.3041e-02
495 -1.9566e-02
496 2.9440e-02
497 3.8731e-02
498 6.3834e-02
499 3.1577e-02
500 -6.5382e-02
501 -7.7490e-02
502 -4.3770e-02
503 -1.5625e-01
504 -2.8491e-02
505 -2.4838e-02
506 -3.9495e-02
507 -8.6836e-02
508 -5.8567e-02
509 -6.7711e-02
510 -1.6605e-02
511 -1.0333e-01
512 -5.4713e-02
513 -1.5549e-02
514 1.9654e-02
515 -1.6093e-02
516 -9.5302e-02
517 -1.1971e-01
518 -8.3667e-02
519 -4.0485e-02
520 -1.7860e-02
521 -3.7302e-02
522 1.1007e-02
523 -7.1783e-03
524 -6.4687e-02
525 -4.4069e-02
526 2.0297e-02
527 6.0620e-02
528 4.6898e-02
529 1.1884e-02
530 -2.6045e-02
531 -8.8046e-03
532 -3.0761e-02
533 2.7127e-02
534 1.1470e-01
535 5.2847e-02
536 6.1091e-02
537 3.2963e-02
538 1.4743e-02
539 -7.6033e-02
540 -7.8840e-02
541 1.5359e-02
542 -4.2606e-02
543 -4.8084e-02
544 -4.8777e-03
545 5.3050e-02
546 3.7902e-02
547 3.4266e-05
548 -2.2565e-02
549 -4.1017e-02
550 -1.1550e-01
551 -1.1198e-01
552 -1.2276e-01
553 -7.4528e-02
554 -4.9623e-02
555 -1.6890e-02
556 3.4395e-02
557 2.0409e-02
558 -1.0359e-02
559 -5.4714e-02
560 -2.5866e-02
561 7.7210e-03
562 -3.9978e-02
563 -6.8009e-02
564 2.2098e-02
565 1.2435e-01
566 6.5241e-02
567 9.9924e-02
568 3.9096e-02
569 3.8376e-02
570 6.9053e-02
571 1.0049e-01
572 7.4988e-02
573 3.0242e-02
574 3.4900e-02
575 2.4287e-02
576 -1.7854e-02
577 -8.0242e-02
578 -5.8263e-02
579 -2.2095e-02
580 1.3371e-02
581 -5.0414e-02
582 1.2123e-02
583 3.7666e-02
584 -1.1465e-01
585 -1.6573e-02
586 -5.7042e-03
587 -4.9099e-03
588 7.9217e-03
589 -1.4519e-02
590 -3.5871e-02
591 -2.2003e-03
592 2.2742e-02
593 2.9210e-03
594 4.2810e-02
595 -1.4094e-02
596 1.9622e-02
597 -5.4289e-03
598 6.5696e-02
599 -1.3251e-02
600 -3.6586e-02
601 4.6239e-02
602 5.3448e-02
603 -1.1639e-02
604 -2.2290e-02
605 -3.0574e-02
606 1.6767e-02
607 5.5816e-02
608 2.8501e-02
609 6.0217e-03
610 3.0878e-02
611 3.3592e-02
612 4.5775e-02
613 -2.7009e-02
614 6.8235e-03
615 1.0881e-02
616 1.2012e-02
617 1.9489e-02
618 2.8006e-02
619 -2.6398e-02
620 -2.1706e-02
621 -6.8453e-02
622 -8.1428e-02
623 -5.4405e-02
624 -1.0655e-02
625 9.1683e-02
626 1.8477e-02
627 8.6521e-03
628 -2.7915e-02
629 4.8500e-03
630 1.8200e-02
631 -1.4670e-02
632 -4.4581e-03
633 -8.3103e-03
634 1.6195e-02
635 -4.8999e-03
636 -4.7817e-02
637 -9.0316e-02
638 -5.5068e-03
639 -1.2545e-02
640 -3.1584e-02
641 -1.5709e-02
642 -4.0406e-02
643 6.7816e-02
644 2.5860e-02
645 1.4459e-02
646 -1.4375e-02
647 -3.2374e-03
648 -3.2429e-02
649 -2.4952e-02
650 -3.7208e-02
651 -5.2550e-02
652 4.3128e-02
653 9.9398e-02
654 1.0717e-01
655 1.0738e-01
656 4.8207e-02
657 4.3434e-02
658 4.0908e-02
659 -2.3120e-02
660 -6.0136e-03
661 -3.5952e-02
662 -5.0748e-02
663 -6.9493e-02
664 -7.4849e-02
665 -1.0533e-01
666 -7.9055e-02
667 -3.8548e-02
668 2.6738e-02
669 3.2269e-02
670 -1.0246e-02
671 3.4599e-03
672 -8.3577e-02
673 -7.5297e-02
674 2.1650e-02
675 -8.2569e-02
676 9.3255e-03
677 8.3202e-03
678 -2.4538e-02
679 1.1306e-02
680 1.4027e-01
681 7.8833e-02
682 5.4364e-02
683 1.0341e-01
684 6.6805e-02
685 3.5530e-02
686 5.9715e-02
687 7.2792e-02
688 4.5632e-02
689 4.7369e-02
690 9.6145e-02
691 7.5217e-02
692 9.4079e-03
693 -6.8973e-02
694 -5.0938e-02
695 -3.1436e-02
696 -1.0183e-02
697 1.0286e-01
698 6.3501e-02
699 3.9787e-02
700 2.0161e-02
701 -5.2213e-02
702 -3.9939e-03
703 -2.8744e-03
704 -9.4715e-02
705 -5.8030e-02
706 7.3250e-03
707 -5.2843e-02
708 -3.6591e-02
709 -5.2046e-03
710 -1.9381e-02
711 1.1502e-03
712 7.3567e-02
713 -1.8556e-02
714 -4.9738e-02
715 -5.1788e-02
716 -1.0221e-01
717 -8.3538e-02
718 -4.0750e-03
719 -5.3076e-04
720 -3.8834e-02
721 2.3087e-03
722 3.5324e-02
723 2.8694e-02
724 9.0810e-02
725 9.0536e-02
726 1.0878e-02
727 -1.1249e-02
728 1.3040e-01
729 9.8784e-02
730 1.0933e-01
731 1.0440e-01
732 1.1272e-01
733 1.1346e-01
734 5.5785e-02
735 7.2228e-02
736 4.8115e-02
737 1.9470e-02
738 7.1223e-02
739 6.4692e-02
740 3.7835e-02
741 5.5497e-02
742 1.1088e-01
743 9.9639e-02
744 1.4527e-01
745 3.7108e-02
746 1.8758e-02
747 -1.1419e-01
748 -9.2507e-02
749 -8.2551e-02
750 4.1293e-02
751 1.2654e-01
752 1.2226e-01
753 3.1278e-02
754 5.2972e-02
755 9.1942e-02
756 1.1517e-01
757 1.7212e-01
758 6.2902e-02
759 3.8537e-02
760 -8.6370e-02
761 -1.1653e-01
762 -3.4825e-02
763 -3.3651e-02
764 1.1808e-01
765 1.2846e-01
766 1.0968e-01
767 1.0935e-02
768 1.3472e-02
769 -4.2788e-03
770 1.2343e-01
771 5.2789e-02
772 -8.5678e-03
773 -1.0011e-02
774 -9.4620e-02
775 -1.3927e-01
776 -7.9992e-02
777 8.0471e-03
778 -7.4315e-02
779 -9.4142e-02
780 -7.2261e-02
781 -7.9302e-02
782 -1.1054e-01
783 -1.4241e-01
784 -4.7222e-02
785 -5.6131e-02
786 -7.8341e-02
787 -1.8795e-01
788 -1.1485e-01
789 -2.5948e-02
790 -2.9298e-02
791 -1.0009e-01
792 -6.9610e-02
793 -6.1527e-03
794 -6.4465e-02
795 -4.9025e-02
796 -3.0190e-02
797 -3.0528e-03
798 -5.2590e-02
799 1.0109e-03
800 -3.7538e-02
801 -2.0081e-02
802 4.4702e-02
803 8.5690e-02
804 1.5367e-02
805 -1.2701e-01
806 1.5156e-02
807 -1.4595e-03
808 -1.4887e-03
809 2.1403e-02
810 5.5804e-02
811 -4.7154e-02
812 8.1814e-03
813 4.3286e-02
814 -4.3789e-02
815 1.9012e-02
816 5.2013e-02
817 8.8207e-02
818 -6.1812e-03
819 1.6199e-02
820 -6.3068e-02
821 -4.2694e-02
822 3.5295e-02
823 -9.7162e-02
824 -7.1717e-02
825 -5.5423e-02
826 4.2402e-02
827 1.2309e-02
828 5.7170e-02
829 4.7564e-03
830 -4.0827e-02
831 -3.9896e-02
832 -1.8992e-02
833 3.7555e-02
834 3.1455e-02
835 1.1858e-01
836 6.6280e-02
837 3.5583e-03
838 3.9373e-02
839 1.4023e-01
840 1.0967e-01
841 1.6109e-01
842 1.0279e-01
843 4.6622e-02
844 1.6701e-01
845 7.4018e-02
846 4.7025e-04
847 -8.1983e-02
848 5.9950e-02
849 -1.5925e-03
850 4.8840e-02
851 9.4333e-02
852 8.5849e-02
853 1.5857e-01
854 1.5907e-01
855 2.5371e-01
856 5.8236e-02
857 2.7946e-02
858 6.8556e-02
859 1.9033e-02
860 -1.2040e-01
861 -8.3802e-02
862 3.1104e-02
863 -7.1985e-03
864 7.0060e-02
865 -1.1616e-01
866 -1.3875e-01
867 -8.9126e-02
868 -8.2785e-02
869 -2.8019e-02
870 -7.0798e-04
871 -5.4755e-02
872 -2.9859e-02
873 -1.1914e-01
874 -9.7419e-03
875 1.0739e-01
876 3.0482e-02
877 -5.2486e-03
878 -3.3358e-02
879 -5.8176e-03
880 -1.2664e-01
881 1.4373e-02
882 1.6782e-02
883 7.4085e-02
884 1.3360e-01
885 5.3132e-02
886 1.1027e-01
887 9.7921e-02
888 9.9398e-02
889 -4.9645e-02
890 -3.3537e-02
891 -7.9939e-02
892 -1.6517e-01
893 -2.3301e-02
894 -8.2613e-02
895 -4.5529e-02
896 -1.5464e-01
897 -6.6228e-02
898 -6.0828e-02
899 -8.2391e-02
900 9.0636e-02
901 3.4761e-02
902 -1.8543e-02
903 -1.1695e-01
904 -8.8420e-02
905 -2.1087e-01
906 -5.1443e-02
907 2.3712e-02
908 -1.9396e-01
909 -2.0309e-01
910 -2.1665e-01
911 -1.0767e-01
912 -5.9393e-02
913 9.0568e-03
914 1.3377e-02
915 -1.1686e-01
916 -7.7933e-02
917 -3.1740e-02
918 -4.1828e-04
919 -2.5379e-02
920 -8.1397e-02
921 -9.6237e-02
922 -1.6633e-01
923 -8.6119e-02
924 -2.1682e-01
925 -1.8093e-01
926 7.6218e-02
927 2.4043e-02
928 1.0256e-02
929 9.6185e-02
930 3.0806e-01
931 9.5330e-02
932 -5.9675e-02
933 -3.7040e-02
934 -1.3462e-01
935 -1.0265e-01
936 -1.2957e-01
937 -8.3481e-02
938 9.2639e-02
939 3.3118e-01
940 -8.6900e-02
941 -9.4049e-02
942 1.6757e-01
943 -1.5690e-01
944 -7.0366e-02
945 -6.9380e-02
946 -2.3914e-01
947 -1.4292e-01
948 -2.1917e-01
949 -2.1110e-01
950 -1.4328e-01
951 1.2904e-01
952 -7.7772e-02
953 1.3524e-01
954 1.6739e-01
955 9.9455e-02
956 3.1566e-01
957 1.6234e-01
958 8.3932e-02
959 1.5049e-01
960 1.6695e-01
961 8.0370e-02
962 1.3292e-01
963 1.7308e-01
964 -2.2998e-01
965 3.8308e-02
966 7.9425e-02
967 1.6952e-01
968 3.0597e-01
969 7.8207e-02
970 1.6039e-01
971 2.6570e-01
972 5.8543e-02
973 -2.5498e-01
974 -1.0383e-02
975 -1.2789e-01
976 -1.1382e-01
977 9.3237e-02
978 -5.9645e-01
979 -1.9550e-01
980 -1.1521e-01
981 -2.0699e-01
982 1.4644e-01
983 1.7787e-01
984 1.2026e-01
985 5.6986e-01
986 6.1662e-01
987 5.7827e-02
988 1.7974e-01
989 1.8878e-01
990 -4.4372e-03
991 2.2066e-01
992 9.2045e-02
993 7.4475e-02
994 4.0100e-01
995 5.6884e-01
996 8.4342e-02
997 -3.6970e-01
998 -3.4578e-01
999 -3.6661e-01
